0,S,S,S,S,S,S,S,S,S,S,S,S,S,S,S,S,S,S,S,S,S,S
0.00,S,S,S,S,S,S,S,S,S,S,S,S,S,S,S,S,S,S,S,S,S,S
0.00,S,S,S,S,S,S,S,S,S,S,S,S,S,S,S,S,S,S,S,S,S,S
0.00,S,S,S,S,S,S,S,S,S,S,S,S,S,S,S,S,S,S,S,S,S,S
0.00,S,S,S,S,S,S,S,S,S,S,S,S,S,S,S,S,S,S,S,S,S,S
0.00,S,S,S,S,S,S,S,S,S,S,S,S,S,S,S,S,S,S,S,S,S,S
0.00,S,S,S,S,S,S,S,S,S,S,S,S,S,S,S,S,S,S,S,S,S,S
0.00,S,S,S,S,S,S,S,S,S,S,S,S,S,S,S,S,S,S,S,S,S,S
0.00,S,S,S,S,S,S,S,S,S,S,S,S,S,S,S,S,S,S,S,S,S,S
0.00,S,S,S,S,S,S,S,S,S,S,S,S,S,S,S,S,S,S,S,S,S,S
0.00,S,S,S,S,S,S,S,S,S,S,S,S,S,S,S,S,S,S,S,S,S,S
0.00,S,S,S,S,S,S,S,S,S,S,S,S,S,S,S,S,S,S,S,S,S,S
0.00,S,S,S,S,S,S,S,S,S,S,S,S,S,S,S,S,S,S,S,S,S,S
0.00,S,S,S,S,S,S,S,S,S,S,S,S,S,S,S,S,S,S,S,S,S,S
0.00,S,S,S,S,S,S,S,S,S,S,S,S,S,S,S,S,S,S,S,S,S,S
0.00,S,S,S,S,S,S,S,S,S,S,S,S,S,S,S,S,S,S,S,S,S,S
0.00,S,S,S,S,S,S,S,S,S,S,S,S,S,S,S,S,S,S,S,S,S,S
0.00,S,S,S,S,S,S,S,S,S,S,S,S,S,S,S,S,S,S,S,S,S,S
0.00,S,S,S,S,S,S,S,S,S,S,S,S,S,S,S,S,S,S,S,S,S,S
0.00,S,S,S,S,S,S,S,S,S,S,S,S,S,S,S,S,S,S,S,S,S,S
0.00,S,S,S,S,S,S,S,S,S,S,S,S,S,S,S,S,S,S,S,S,S,S
0.00,S,S,S,S,S,S,S,S,S,S,S,S,S,S,S,S,S,S,S,S,S,S
0.00,S,S,S,S,S,S,S,S,S,S,S,S,S,S,S,S,S,S,S,S,S,S
0.04,S,S,S,S,S,S,S,S,S,S,S,S,S,S,S,S,S,S,I,S,S,S
0.01,S,S,I,S,S,S,S,S,S,S,S,S,S,S,S,S,S,S,I,S,S,S
0.00,S,S,I,I,S,S,S,S,S,S,S,S,S,S,S,S,S,S,I,S,S,S
0.08,S,S,I,I,S,S,S,S,S,S,S,S,S,S,S,I,S,S,I,S,S,S
0.10,S,S,I,I,S,I,S,S,S,S,S,S,S,S,S,I,S,S,I,S,S,S
0.05,S,S,I,I,S,I,S,S,S,I,S,S,S,S,S,I,S,S,I,S,S,S
0.05,S,S,I,S,S,I,S,S,S,I,S,S,S,S,S,I,S,S,I,S,S,S
0.02,S,S,I,S,S,I,S,S,S,I,S,S,S,S,S,S,S,S,I,S,S,S
0.01,S,I,I,S,S,I,S,S,S,I,S,S,S,S,S,S,S,S,I,S,S,S
0.15,S,I,I,S,S,I,S,S,S,I,S,S,S,S,S,I,S,S,I,S,S,S
0.05,S,I,I,S,S,I,S,S,S,I,S,S,S,S,S,I,S,I,I,S,S,S
0.05,S,I,I,S,S,I,S,S,S,I,S,S,S,S,S,S,S,I,I,S,S,S
0.28,S,I,I,S,S,I,S,S,S,I,S,S,S,S,S,S,S,S,I,S,S,S
0.11,S,I,I,S,S,I,S,S,S,I,S,S,I,S,S,S,S,S,I,S,S,S
0.13,S,I,I,S,S,I,S,S,S,I,S,S,I,S,S,S,S,S,S,S,S,S
0.04,S,I,I,S,S,S,S,S,S,I,S,S,I,S,S,S,S,S,S,S,S,S
0.11,S,I,I,S,S,S,S,S,S,I,S,S,I,I,S,S,S,S,S,S,S,S
0.02,S,I,I,S,S,S,S,S,S,I,S,S,I,S,S,S,S,S,S,S,S,S
0.03,S,I,I,S,S,S,S,S,S,I,I,S,I,S,S,S,S,S,S,S,S,S
0.03,S,I,I,I,S,S,S,S,S,I,I,S,I,S,S,S,S,S,S,S,S,S
0.08,S,I,I,I,S,S,S,S,S,I,I,S,I,S,S,S,I,S,S,S,S,S
0.02,S,I,I,I,S,S,S,S,S,I,I,S,S,S,S,S,I,S,S,S,S,S
0.01,S,I,I,I,S,S,S,S,S,S,I,S,S,S,S,S,I,S,S,S,S,S
0.00,S,I,I,S,S,S,S,S,S,S,I,S,S,S,S,S,I,S,S,S,S,S
0.14,S,I,I,S,S,S,S,S,S,S,I,S,S,S,S,I,I,S,S,S,S,S
0.11,S,S,I,S,S,S,S,S,S,S,I,S,S,S,S,I,I,S,S,S,S,S
0.09,S,S,I,S,S,S,S,S,S,I,I,S,S,S,S,I,I,S,S,S,S,S
0.03,S,S,I,S,S,S,S,S,S,I,S,S,S,S,S,I,I,S,S,S,S,S
0.11,S,S,I,S,S,S,S,S,S,I,S,S,S,S,S,I,I,S,S,I,S,S
0.00,S,S,I,S,S,S,S,S,I,I,S,S,S,S,S,I,I,S,S,I,S,S
0.01,S,S,I,S,S,S,S,S,I,I,S,I,S,S,S,I,I,S,S,I,S,S
0.07,S,S,S,S,S,S,S,S,I,I,S,I,S,S,S,I,I,S,S,I,S,S
0.09,S,S,S,S,S,S,S,S,I,I,S,I,S,S,S,I,I,I,S,I,S,S
0.09,S,S,S,S,S,I,S,S,I,I,S,I,S,S,S,I,I,I,S,I,S,S
0.01,S,S,S,S,S,I,S,S,I,I,S,I,S,S,S,I,I,I,S,I,S,I
0.02,S,S,S,S,S,I,S,S,I,I,S,I,S,S,S,I,I,I,S,I,I,I
0.02,S,S,S,I,S,I,S,S,I,I,S,I,S,S,S,I,I,I,S,I,I,I
0.06,S,S,S,I,S,I,S,S,I,I,S,S,S,S,S,I,I,I,S,I,I,I
0.01,S,S,S,I,S,I,S,S,I,I,S,S,S,S,S,I,S,I,S,I,I,I
0.07,S,S,S,I,S,I,S,S,I,I,S,S,S,S,S,I,S,I,S,I,I,S
0.06,S,S,S,I,S,I,S,S,S,I,S,S,S,S,S,I,S,I,S,I,I,S
0.06,S,S,S,I,S,I,S,S,S,I,S,S,S,S,S,I,S,S,S,I,I,S
0.11,S,I,S,I,S,I,S,S,S,I,S,S,S,S,S,I,S,S,S,I,I,S
0.11,S,I,S,I,S,I,S,S,S,S,S,S,S,S,S,I,S,S,S,I,I,S
0.10,S,I,S,I,S,I,S,S,S,S,S,S,S,I,S,I,S,S,S,I,I,S
0.08,S,I,S,I,S,S,S,S,S,S,S,S,S,I,S,I,S,S,S,I,I,S
0.06,S,I,S,I,S,S,S,S,S,I,S,S,S,I,S,I,S,S,S,I,I,S
0.00,S,I,S,I,S,S,S,S,S,I,S,S,S,I,S,S,S,S,S,I,I,S
0.03,S,I,S,S,S,S,S,S,S,I,S,S,S,I,S,S,S,S,S,I,I,S
0.36,S,I,S,S,S,S,S,S,S,S,S,S,S,I,S,S,S,S,S,I,I,S
0.10,S,I,S,S,S,S,S,S,S,S,S,S,S,I,S,S,S,I,S,I,I,S
0.06,S,I,S,S,S,S,S,S,S,S,S,S,S,I,S,S,S,S,S,I,I,S
0.07,S,I,S,S,S,S,S,S,S,S,S,S,S,I,S,S,S,S,S,I,S,S
0.11,S,S,S,S,S,S,S,S,S,S,S,S,S,I,S,S,S,S,S,I,S,S
0.10,S,S,I,S,S,S,S,S,S,S,S,S,S,I,S,S,S,S,S,I,S,S
0.04,S,S,I,S,S,S,S,I,S,S,S,S,S,I,S,S,S,S,S,I,S,S
0.03,S,S,I,S,S,S,S,I,S,S,I,S,S,I,S,S,S,S,S,I,S,S
0.07,S,S,I,S,S,S,S,S,S,S,I,S,S,I,S,S,S,S,S,I,S,S
0.04,S,S,I,S,S,S,S,S,S,S,S,S,S,I,S,S,S,S,S,I,S,S
0.06,S,S,I,S,S,S,S,S,S,S,S,S,S,I,S,S,S,S,S,S,S,S
0.04,S,S,I,S,S,S,S,I,S,S,S,S,S,I,S,S,S,S,S,S,S,S
0.24,S,S,I,S,S,S,S,I,S,I,S,S,S,I,S,S,S,S,S,S,S,S
0.24,S,S,I,S,S,S,S,S,S,I,S,S,S,I,S,S,S,S,S,S,S,S
0.05,S,S,I,S,S,S,S,S,S,I,S,S,S,S,S,S,S,S,S,S,S,S
0.15,S,S,I,S,S,S,S,S,S,I,S,S,S,S,S,S,S,S,S,I,S,S
0.09,S,S,I,S,S,S,S,S,S,I,S,S,S,S,I,S,S,S,S,I,S,S
0.07,S,S,I,I,S,S,S,S,S,I,S,S,S,S,I,S,S,S,S,I,S,S
0.03,S,S,I,I,S,S,S,S,S,I,S,S,S,S,I,S,S,S,S,I,S,I
0.20,S,S,I,I,S,S,S,S,S,I,S,S,S,S,I,S,I,S,S,I,S,I
0.02,S,S,S,I,S,S,S,S,S,I,S,S,S,S,I,S,I,S,S,I,S,I
0.10,S,S,S,I,S,S,S,S,S,I,S,S,S,S,I,S,I,I,S,I,S,I
0.03,S,S,S,S,S,S,S,S,S,I,S,S,S,S,I,S,I,I,S,I,S,I
0.01,S,S,S,S,S,S,S,I,S,I,S,S,S,S,I,S,I,I,S,I,S,I
0.04,S,S,S,S,S,S,S,I,S,I,S,S,S,S,S,S,I,I,S,I,S,I
0.09,S,S,S,S,S,S,S,I,S,I,S,S,S,S,S,S,I,I,S,I,I,I
0.05,S,S,S,S,S,S,S,I,S,I,S,S,S,I,S,S,I,I,S,I,I,I
0.34,S,S,S,S,S,S,S,I,S,I,I,S,S,I,S,S,I,I,S,I,I,I
0.10,S,S,S,S,S,S,S,I,S,I,I,S,S,I,I,S,I,I,S,I,I,I
0.15,S,S,S,S,S,S,S,I,S,I,I,S,S,I,I,S,I,I,S,S,I,I
0.01,S,S,S,S,S,S,S,I,S,S,I,S,S,I,I,S,I,I,S,S,I,I
0.05,S,S,I,S,S,S,S,I,S,S,I,S,S,I,I,S,I,I,S,S,I,I
0.21,S,S,I,S,S,S,S,I,S,S,I,S,S,I,I,S,I,I,S,I,I,I
0.09,S,S,I,S,S,S,S,I,S,S,I,S,S,I,I,S,I,I,S,I,I,S
0.01,S,S,I,S,S,S,S,I,S,S,I,S,S,I,I,S,I,I,I,I,I,S
0.04,S,S,I,S,S,S,S,I,S,S,I,S,S,I,S,S,I,I,I,I,I,S
0.00,S,S,S,S,S,S,S,I,S,S,I,S,S,I,S,S,I,I,I,I,I,S
0.17,S,S,S,S,S,S,S,I,I,S,I,S,S,I,S,S,I,I,I,I,I,S
0.06,S,S,S,S,S,S,S,I,S,S,I,S,S,I,S,S,I,I,I,I,I,S
0.02,S,S,S,S,S,S,S,S,S,S,I,S,S,I,S,S,I,I,I,I,I,S
0.02,S,S,S,S,S,S,S,S,S,S,I,S,S,I,I,S,I,I,I,I,I,S
0.05,I,S,S,S,S,S,S,S,S,S,I,S,S,I,I,S,I,I,I,I,I,S
0.12,I,S,S,S,S,S,I,S,S,S,I,S,S,I,I,S,I,I,I,I,I,S
0.05,I,S,S,S,S,S,I,S,S,S,I,S,S,I,I,S,I,S,I,I,I,S
0.01,S,S,S,S,S,S,I,S,S,S,I,S,S,I,I,S,I,S,I,I,I,S
0.16,S,S,S,S,S,S,I,I,S,S,I,S,S,I,I,S,I,S,I,I,I,S
0.16,S,S,S,S,S,S,I,I,S,S,I,S,S,I,S,S,I,S,I,I,I,S
0.28,S,S,S,S,S,S,I,I,S,S,I,S,S,I,S,S,I,S,I,S,I,S
0.49,S,S,S,S,S,S,I,I,S,S,I,S,S,S,S,S,I,S,I,S,I,S
0.05,I,S,S,S,S,S,I,I,S,S,I,S,S,S,S,S,I,S,I,S,I,S
0.09,I,S,S,S,S,S,I,I,S,S,I,S,S,S,S,S,S,S,I,S,I,S
0.05,I,S,S,S,S,S,I,I,S,S,I,S,S,S,S,S,S,S,I,S,S,S
0.07,I,S,S,S,S,S,I,I,S,S,I,S,S,S,S,S,S,S,S,S,S,S
0.02,I,S,S,S,S,S,I,I,S,S,I,I,S,S,S,S,S,S,S,S,S,S
0.25,I,S,S,S,S,S,I,I,S,S,I,I,S,S,S,S,I,S,S,S,S,S
0.10,S,S,S,S,S,S,I,I,S,S,I,I,S,S,S,S,I,S,S,S,S,S
0.01,S,S,S,S,S,S,I,I,S,S,I,I,S,S,S,S,I,S,S,S,S,I
0.22,S,S,S,S,S,S,I,I,S,S,I,I,S,S,S,S,I,S,S,S,S,S
0.25,S,S,S,S,S,S,I,I,S,I,I,I,S,S,S,S,I,S,S,S,S,S
0.08,S,S,S,S,S,S,I,I,S,I,I,I,S,I,S,S,I,S,S,S,S,S
0.03,S,S,S,S,S,I,I,I,S,I,I,I,S,I,S,S,I,S,S,S,S,S
0.18,S,S,S,S,S,I,I,I,S,I,I,S,S,I,S,S,I,S,S,S,S,S
0.01,S,S,S,S,S,I,I,I,S,I,I,S,S,I,S,S,I,S,I,S,S,S
0.02,S,S,S,S,S,I,I,I,S,I,S,S,S,I,S,S,I,S,I,S,S,S
0.13,S,S,S,S,S,I,I,I,S,I,I,S,S,I,S,S,I,S,I,S,S,S
0.12,S,S,S,S,S,I,I,I,I,I,I,S,S,I,S,S,I,S,I,S,S,S
0.04,S,S,S,S,I,I,I,I,I,I,I,S,S,I,S,S,I,S,I,S,S,S
0.02,S,S,S,S,I,S,I,I,I,I,I,S,S,I,S,S,I,S,I,S,S,S
0.13,S,S,S,S,I,S,I,I,I,I,S,S,S,I,S,S,I,S,I,S,S,S
0.15,S,S,S,S,I,I,I,I,I,I,S,S,S,I,S,S,I,S,I,S,S,S
0.16,S,S,S,S,I,I,I,I,I,I,S,S,S,I,S,S,I,I,I,S,S,S
0.03,S,S,S,S,I,I,I,I,S,I,S,S,S,I,S,S,I,I,I,S,S,S
0.07,S,S,S,S,I,I,I,I,S,I,S,S,I,I,S,S,I,I,I,S,S,S
0.04,S,S,S,S,I,I,I,I,S,I,S,S,I,I,S,S,I,S,I,S,S,S
0.02,S,S,S,S,I,I,I,I,S,I,S,S,I,I,S,S,I,S,I,S,S,I
0.08,S,S,S,S,I,I,I,S,S,I,S,S,I,I,S,S,I,S,I,S,S,I
0.02,S,S,S,S,I,I,I,S,S,I,S,S,I,I,S,S,S,S,I,S,S,I
0.04,S,S,S,S,S,I,I,S,S,I,S,S,I,I,S,S,S,S,I,S,S,I
0.10,S,S,S,S,S,I,I,I,S,I,S,S,I,I,S,S,S,S,I,S,S,I
0.04,S,S,S,S,S,I,I,I,S,I,S,S,I,S,S,S,S,S,I,S,S,I
0.10,S,S,S,S,S,I,I,I,S,I,S,S,I,S,S,S,I,S,I,S,S,I
0.03,S,S,S,S,S,I,I,I,S,I,S,S,I,S,S,S,I,S,S,S,S,I
0.00,S,S,S,S,S,I,S,I,S,I,S,S,I,S,S,S,I,S,S,S,S,I
0.14,S,S,S,S,S,I,I,I,S,I,S,S,I,S,S,S,I,S,S,S,S,I
0.09,S,S,S,S,S,I,I,I,S,S,S,S,I,S,S,S,I,S,S,S,S,I
0.12,S,S,I,S,S,I,I,I,S,S,S,S,I,S,S,S,I,S,S,S,S,I
0.05,S,S,I,S,S,I,I,I,S,S,S,S,S,S,S,S,I,S,S,S,S,I
0.08,S,S,I,S,S,I,I,I,S,I,S,S,S,S,S,S,I,S,S,S,S,I
0.01,S,S,I,S,S,I,I,I,S,I,S,S,I,S,S,S,I,S,S,S,S,I
0.24,S,S,I,S,S,I,I,I,S,I,S,S,I,S,S,S,I,S,S,S,I,I
0.05,S,S,I,S,S,I,I,I,S,I,S,S,I,S,S,S,I,I,S,S,I,I
0.08,S,S,I,S,S,I,I,I,S,I,S,S,S,S,S,S,I,I,S,S,I,I
0.04,S,S,I,S,S,I,I,I,S,I,S,S,S,S,S,S,S,I,S,S,I,I
0.02,S,S,I,S,S,I,I,I,S,I,S,S,S,I,S,S,S,I,S,S,I,I
0.10,S,S,S,S,S,I,I,I,S,I,S,S,S,I,S,S,S,I,S,S,I,I
0.05,S,S,S,S,S,I,I,I,S,I,S,S,S,I,S,S,S,S,S,S,I,I
0.07,S,S,S,S,S,I,I,I,S,I,S,S,S,I,S,S,S,I,S,S,I,I
0.03,S,S,S,S,S,S,I,I,S,I,S,S,S,I,S,S,S,I,S,S,I,I
0.02,S,S,S,S,S,S,I,I,S,I,S,S,S,I,S,S,S,S,S,S,I,I
0.10,S,S,S,S,S,S,I,I,S,I,S,S,S,I,S,S,S,S,S,S,I,S
0.04,S,S,S,S,S,S,I,I,S,I,S,S,S,I,S,S,S,S,I,S,I,S
0.29,S,S,S,S,S,S,I,S,S,I,S,S,S,I,S,S,S,S,I,S,I,S
0.46,S,S,S,S,S,S,I,S,S,I,S,S,S,I,S,S,S,S,I,S,S,S
0.11,S,S,S,S,S,S,I,S,S,I,S,S,S,S,S,S,S,S,I,S,S,S
0.09,S,S,S,S,S,S,S,S,S,I,S,S,S,S,S,S,S,S,I,S,S,S
0.27,S,S,I,S,S,S,S,S,S,I,S,S,S,S,S,S,S,S,I,S,S,S
0.02,S,S,I,S,S,S,S,S,S,I,I,S,S,S,S,S,S,S,I,S,S,S
0.02,S,S,I,S,S,S,S,I,S,I,I,S,S,S,S,S,S,S,I,S,S,S
0.03,S,S,I,I,S,S,S,I,S,I,I,S,S,S,S,S,S,S,I,S,S,S
0.01,S,S,I,S,S,S,S,I,S,I,I,S,S,S,S,S,S,S,I,S,S,S
0.06,S,S,I,S,S,S,S,I,S,I,I,S,S,S,S,S,S,S,S,S,S,S
0.04,S,S,I,S,S,S,S,I,S,I,S,S,S,S,S,S,S,S,S,S,S,S
0.00,S,S,I,S,S,S,S,I,S,I,S,S,S,S,S,S,S,S,S,S,S,I
0.02,I,S,I,S,S,S,S,I,S,I,S,S,S,S,S,S,S,S,S,S,S,I
0.01,S,S,I,S,S,S,S,I,S,I,S,S,S,S,S,S,S,S,S,S,S,I
0.11,S,S,I,S,S,I,S,I,S,I,S,S,S,S,S,S,S,S,S,S,S,I
0.03,S,S,S,S,S,I,S,I,S,I,S,S,S,S,S,S,S,S,S,S,S,I
0.04,S,S,S,S,S,I,S,I,S,I,S,S,S,S,S,S,S,S,S,S,S,S
0.07,I,S,S,S,S,I,S,I,S,I,S,S,S,S,S,S,S,S,S,S,S,S
0.02,I,S,S,S,S,I,S,I,S,I,S,S,S,S,S,S,S,S,I,S,S,S
0.11,I,S,S,S,S,I,S,I,S,S,S,S,S,S,S,S,S,S,I,S,S,S
0.07,I,S,S,S,S,S,S,I,S,S,S,S,S,S,S,S,S,S,I,S,S,S
0.13,I,S,S,S,S,S,S,I,S,S,S,S,S,S,S,S,S,S,S,S,S,S
0.20,I,S,S,S,S,S,S,I,S,S,S,S,S,S,I,S,S,S,S,S,S,S
0.21,I,S,S,S,S,S,S,I,S,S,S,S,S,S,I,S,S,S,S,S,S,I
0.01,I,S,S,S,S,S,S,I,S,S,S,S,S,I,I,S,S,S,S,S,S,I
0.00,S,S,S,S,S,S,S,I,S,S,S,S,S,I,I,S,S,S,S,S,S,I
0.03,S,S,I,S,S,S,S,I,S,S,S,S,S,I,I,S,S,S,S,S,S,I
0.04,S,S,I,S,S,S,S,I,I,S,S,S,S,I,I,S,S,S,S,S,S,I
0.04,S,S,I,S,S,S,S,I,I,S,S,S,S,S,I,S,S,S,S,S,S,I
0.02,S,S,I,S,I,S,S,I,I,S,S,S,S,S,I,S,S,S,S,S,S,I
0.06,S,S,I,I,I,S,S,I,I,S,S,S,S,S,I,S,S,S,S,S,S,I
0.04,S,S,I,I,I,S,S,I,S,S,S,S,S,S,I,S,S,S,S,S,S,I
0.30,S,S,I,I,I,S,S,I,S,S,S,S,S,S,I,S,S,S,I,S,S,I
0.04,S,S,I,I,I,S,S,I,S,S,S,S,S,S,I,S,S,S,I,S,S,S
0.15,S,S,I,I,I,I,S,I,S,S,S,S,S,S,I,S,S,S,I,S,S,S
0.00,S,S,I,I,I,I,S,I,S,S,S,S,S,S,I,S,S,S,S,S,S,S
0.04,S,S,I,I,I,I,S,I,S,S,S,S,S,S,S,S,S,S,S,S,S,S
0.26,S,S,I,I,I,I,S,I,I,S,S,S,S,S,S,S,S,S,S,S,S,S
0.06,S,S,I,I,I,I,S,I,S,S,S,S,S,S,S,S,S,S,S,S,S,S
0.01,S,S,I,I,I,I,S,I,S,S,S,S,S,I,S,S,S,S,S,S,S,S
0.06,S,S,I,I,I,I,I,I,S,S,S,S,S,I,S,S,S,S,S,S,S,S
0.06,S,S,I,I,I,I,I,I,S,S,I,S,S,I,S,S,S,S,S,S,S,S
0.12,S,S,I,I,I,I,I,I,S,I,I,S,S,I,S,S,S,S,S,S,S,S
0.18,S,S,I,I,I,I,I,I,S,S,I,S,S,I,S,S,S,S,S,S,S,S
0.05,S,S,I,S,I,I,I,I,S,S,I,S,S,I,S,S,S,S,S,S,S,S
0.04,S,S,I,S,I,I,I,I,S,S,S,S,S,I,S,S,S,S,S,S,S,S
0.21,S,S,I,S,I,I,I,I,I,S,S,S,S,I,S,S,S,S,S,S,S,S
0.22,S,S,I,S,I,I,S,I,I,S,S,S,S,I,S,S,S,S,S,S,S,S
0.07,S,S,I,S,S,I,S,I,I,S,S,S,S,I,S,S,S,S,S,S,S,S
0.07,S,S,S,S,S,I,S,I,I,S,S,S,S,I,S,S,S,S,S,S,S,S
0.05,S,S,S,S,S,I,S,I,I,S,S,S,S,I,S,I,S,S,S,S,S,S
0.04,S,I,S,S,S,I,S,I,I,S,S,S,S,I,S,I,S,S,S,S,S,S
0.05,S,I,S,S,S,I,S,S,I,S,S,S,S,I,S,I,S,S,S,S,S,S
0.15,S,I,S,S,S,I,S,S,I,I,S,S,S,I,S,I,S,S,S,S,S,S
0.11,S,I,S,S,S,I,S,S,I,I,S,S,S,S,S,I,S,S,S,S,S,S
0.06,S,S,S,S,S,I,S,S,I,I,S,S,S,S,S,I,S,S,S,S,S,S
0.34,S,S,S,S,S,I,S,S,S,I,S,S,S,S,S,I,S,S,S,S,S,S
0.02,S,S,S,S,S,I,S,S,S,I,S,S,S,S,S,I,S,S,S,S,I,S
0.02,S,S,S,S,S,S,S,S,S,I,S,S,S,S,S,I,S,S,S,S,I,S
0.03,S,S,S,S,S,S,S,I,S,I,S,S,S,S,S,I,S,S,S,S,I,S
0.06,S,S,S,S,S,S,S,I,S,I,S,S,S,S,S,I,S,I,S,S,I,S
0.05,S,S,S,S,S,S,S,S,S,I,S,S,S,S,S,I,S,I,S,S,I,S
0.15,S,S,S,S,S,S,S,S,S,I,S,S,S,S,S,I,S,S,S,S,I,S
0.10,S,S,S,S,S,S,S,S,I,I,S,S,S,S,S,I,S,S,S,S,I,S
0.02,S,S,S,S,S,S,S,S,I,I,S,S,S,S,S,I,S,S,S,I,I,S
0.06,S,S,S,S,S,S,S,I,I,I,S,S,S,S,S,I,S,S,S,I,I,S
0.07,S,S,S,S,S,S,S,I,I,I,S,S,S,S,S,I,S,I,S,I,I,S
0.04,S,S,S,S,S,S,S,I,I,I,S,I,S,S,S,I,S,I,S,I,I,S
0.09,S,S,S,S,S,S,S,I,S,I,S,I,S,S,S,I,S,I,S,I,I,S
0.01,S,S,S,S,S,S,S,I,S,I,S,I,I,S,S,I,S,I,S,I,I,S
0.11,S,S,S,S,S,S,S,I,S,I,S,I,I,S,S,I,I,I,S,I,I,S
0.16,S,S,S,S,S,S,S,I,S,I,S,I,I,S,S,S,I,I,S,I,I,S
0.01,S,S,S,S,S,S,S,S,S,I,S,I,I,S,S,S,I,I,S,I,I,S
0.25,S,S,S,S,S,S,S,S,S,I,S,S,I,S,S,S,I,I,S,I,I,S
0.03,S,S,S,S,S,S,S,S,S,I,S,S,I,S,S,S,I,I,S,S,I,S
0.24,S,S,S,S,S,S,S,S,S,I,S,S,I,S,I,S,I,I,S,S,I,S
0.01,S,S,S,S,S,S,S,S,S,I,S,S,I,S,I,S,I,I,S,I,I,S
0.02,S,S,S,S,S,S,S,S,S,I,S,S,I,S,I,S,I,S,S,I,I,S
0.10,I,S,S,S,S,S,S,S,S,I,S,S,I,S,I,S,I,S,S,I,I,S
0.04,I,S,S,S,S,S,S,S,S,I,I,S,I,S,I,S,I,S,S,I,I,S
0.05,I,S,S,S,S,S,S,S,S,I,I,S,I,S,I,S,I,S,S,S,I,S
0.01,S,S,S,S,S,S,S,S,S,I,I,S,I,S,I,S,I,S,S,S,I,S
0.04,S,S,S,S,S,S,S,S,S,I,I,S,I,S,I,S,I,I,S,S,I,S
0.03,S,I,S,S,S,S,S,S,S,I,I,S,I,S,I,S,I,I,S,S,I,S
0.12,S,I,S,S,S,S,S,S,S,I,I,S,I,S,S,S,I,I,S,S,I,S
0.07,S,I,S,S,S,S,S,S,I,I,I,S,I,S,S,S,I,I,S,S,I,S
0.07,S,I,S,I,S,S,S,S,I,I,I,S,I,S,S,S,I,I,S,S,I,S
0.09,S,I,S,I,S,S,S,S,I,I,I,S,I,S,I,S,I,I,S,S,I,S
0.05,S,I,S,I,S,S,S,S,I,I,S,S,I,S,I,S,I,I,S,S,I,S
0.02,S,I,I,I,S,S,S,S,I,I,S,S,I,S,I,S,I,I,S,S,I,S
0.01,S,I,I,S,S,S,S,S,I,I,S,S,I,S,I,S,I,I,S,S,I,S
0.03,S,I,I,S,S,S,S,S,I,I,S,I,I,S,I,S,I,I,S,S,I,S
0.00,S,I,I,S,S,S,S,S,I,S,S,I,I,S,I,S,I,I,S,S,I,S
0.00,S,I,I,S,S,S,S,S,I,S,S,I,I,S,I,S,I,I,S,I,I,S
0.01,S,I,I,S,S,S,S,S,I,S,S,I,I,S,I,S,S,I,S,I,I,S
0.07,S,I,I,S,S,I,S,S,I,S,S,I,I,S,I,S,S,I,S,I,I,S
0.10,S,I,I,S,S,I,S,S,I,S,S,I,I,S,I,S,S,I,S,S,I,S
0.02,S,I,I,S,S,I,S,S,I,S,S,I,I,S,I,I,S,I,S,S,I,S
0.11,S,I,I,S,S,I,S,S,I,S,S,S,I,S,I,I,S,I,S,S,I,S
0.01,S,I,I,S,S,I,S,S,I,S,I,S,I,S,I,I,S,I,S,S,I,S
0.00,S,S,I,S,S,I,S,S,I,S,I,S,I,S,I,I,S,I,S,S,I,S
0.13,S,S,I,S,S,I,S,S,S,S,I,S,I,S,I,I,S,I,S,S,I,S
0.10,S,S,I,S,S,I,S,S,S,S,S,S,I,S,I,I,S,I,S,S,I,S
0.04,S,S,I,S,S,I,I,S,S,S,S,S,I,S,I,I,S,I,S,S,I,S
0.10,S,S,I,S,S,I,S,S,S,S,S,S,I,S,I,I,S,I,S,S,I,S
0.09,S,S,I,S,S,I,S,S,S,S,I,S,I,S,I,I,S,I,S,S,I,S
0.02,S,S,S,S,S,I,S,S,S,S,I,S,I,S,I,I,S,I,S,S,I,S
0.01,S,S,S,S,S,I,S,S,S,S,I,S,I,S,I,S,S,I,S,S,I,S
0.37,S,S,S,S,S,I,S,S,I,S,I,S,I,S,I,S,S,I,S,S,I,S
0.07,S,S,S,S,S,I,S,S,I,S,I,S,I,S,S,S,S,I,S,S,I,S
0.11,S,S,S,S,S,I,S,S,I,S,I,S,I,S,S,S,S,I,S,S,I,I
0.07,S,S,S,S,S,I,S,S,S,S,I,S,I,S,S,S,S,I,S,S,I,I
0.12,I,S,S,S,S,I,S,S,S,S,I,S,I,S,S,S,S,I,S,S,I,I
0.10,I,S,S,S,S,I,S,S,S,S,I,S,I,S,S,S,S,I,S,S,I,S
0.06,I,S,S,S,S,I,S,S,S,I,I,S,I,S,S,S,S,I,S,S,I,S
0.02,I,S,I,S,S,I,S,S,S,I,I,S,I,S,S,S,S,I,S,S,I,S
0.02,I,S,I,S,S,I,S,I,S,I,I,S,I,S,S,S,S,I,S,S,I,S
0.00,I,S,I,S,S,I,S,I,S,I,I,S,I,I,S,S,S,I,S,S,I,S
0.05,I,S,I,S,S,I,S,S,S,I,I,S,I,I,S,S,S,I,S,S,I,S
0.02,I,S,I,S,S,I,I,S,S,I,I,S,I,I,S,S,S,I,S,S,I,S
0.14,I,S,I,S,S,I,I,S,S,S,I,S,I,I,S,S,S,I,S,S,I,S
0.05,I,S,I,I,S,I,I,S,S,S,I,S,I,I,S,S,S,I,S,S,I,S
0.01,I,S,I,I,S,I,S,S,S,S,I,S,I,I,S,S,S,I,S,S,I,S
0.04,I,S,I,I,I,I,S,S,S,S,I,S,I,I,S,S,S,I,S,S,I,S
0.14,I,S,I,I,I,I,S,S,S,S,I,S,I,I,S,S,S,I,S,S,S,S
0.03,I,I,I,I,I,I,S,S,S,S,I,S,I,I,S,S,S,I,S,S,S,S
0.01,I,I,I,I,I,I,S,S,S,S,I,S,S,I,S,S,S,I,S,S,S,S
0.02,I,I,I,I,I,I,S,S,S,S,I,S,S,I,I,S,S,I,S,S,S,S
0.16,I,I,S,I,I,I,S,S,S,S,I,S,S,I,I,S,S,I,S,S,S,S
0.02,I,I,S,I,I,I,S,S,S,S,I,S,S,I,I,S,S,I,S,S,S,I
0.07,I,I,S,I,S,I,S,S,S,S,I,S,S,I,I,S,S,I,S,S,S,I
0.05,I,I,S,I,S,I,S,S,S,S,I,S,S,I,I,S,S,S,S,S,S,I
0.10,I,I,S,I,S,I,S,S,S,S,I,S,S,I,I,S,S,S,S,S,S,S
0.00,I,I,S,I,S,I,S,S,S,S,S,S,S,I,I,S,S,S,S,S,S,S
0.02,I,I,S,I,S,S,S,S,S,S,S,S,S,I,I,S,S,S,S,S,S,S
0.02,I,S,S,I,S,S,S,S,S,S,S,S,S,I,I,S,S,S,S,S,S,S
0.07,I,S,S,I,S,S,S,S,S,S,S,S,I,I,I,S,S,S,S,S,S,S
0.15,I,S,S,I,S,S,S,I,S,S,S,S,I,I,I,S,S,S,S,S,S,S
0.03,I,S,S,I,S,S,S,I,S,S,S,I,I,I,I,S,S,S,S,S,S,S
0.04,I,I,S,I,S,S,S,I,S,S,S,I,I,I,I,S,S,S,S,S,S,S
0.10,I,I,S,I,I,S,S,I,S,S,S,I,I,I,I,S,S,S,S,S,S,S
0.16,I,I,S,S,I,S,S,I,S,S,S,I,I,I,I,S,S,S,S,S,S,S
0.23,I,I,S,S,I,I,S,I,S,S,S,I,I,I,I,S,S,S,S,S,S,S
0.02,I,I,S,I,I,I,S,I,S,S,S,I,I,I,I,S,S,S,S,S,S,S
0.22,I,I,S,I,S,I,S,I,S,S,S,I,I,I,I,S,S,S,S,S,S,S
0.02,I,I,S,I,S,I,S,I,S,S,S,I,I,I,I,I,S,S,S,S,S,S
0.05,I,I,S,I,S,I,S,I,S,S,S,I,I,I,I,I,S,S,S,I,S,S
0.05,I,I,S,I,S,I,S,I,S,S,S,S,I,I,I,I,S,S,S,I,S,S
0.01,I,I,S,I,S,I,S,I,S,S,S,S,I,I,I,S,S,S,S,I,S,S
0.03,I,I,S,I,S,I,S,I,I,S,S,S,I,I,I,S,S,S,S,I,S,S
0.08,I,I,S,I,S,I,S,I,I,S,S,S,S,I,I,S,S,S,S,I,S,S
0.03,I,I,S,I,S,I,S,I,I,S,S,S,S,I,S,S,S,S,S,I,S,S
0.02,I,S,S,I,S,I,S,I,I,S,S,S,S,I,S,S,S,S,S,I,S,S
0.07,S,S,S,I,S,I,S,I,I,S,S,S,S,I,S,S,S,S,S,I,S,S
0.01,S,S,S,I,S,I,S,I,I,S,S,S,S,I,S,S,I,S,S,I,S,S
0.06,S,S,S,I,S,I,S,I,I,S,I,S,S,I,S,S,I,S,S,I,S,S
0.08,S,S,S,S,S,I,S,I,I,S,I,S,S,I,S,S,I,S,S,I,S,S
0.00,S,S,S,S,S,I,S,I,I,S,I,I,S,I,S,S,I,S,S,I,S,S
0.00,S,S,S,S,S,I,S,I,I,S,I,I,S,S,S,S,I,S,S,I,S,S
0.03,S,S,S,S,S,I,S,I,I,S,I,I,S,S,S,S,I,S,S,I,I,S
0.06,S,S,S,S,S,I,S,I,I,S,I,I,S,S,I,S,I,S,S,I,I,S
0.01,S,S,S,I,S,I,S,I,I,S,I,I,S,S,I,S,I,S,S,I,I,S
0.07,S,I,S,I,S,I,S,I,I,S,I,I,S,S,I,S,I,S,S,I,I,S
0.15,S,I,S,I,S,I,S,I,I,S,I,I,S,S,S,S,I,S,S,I,I,S
0.01,S,I,S,I,S,I,S,I,I,S,I,I,S,S,I,S,I,S,S,I,I,S
0.03,S,I,S,I,S,I,S,I,I,S,S,I,S,S,I,S,I,S,S,I,I,S
0.01,S,I,S,I,I,I,S,I,I,S,S,I,S,S,I,S,I,S,S,I,I,S
0.14,S,I,S,I,I,S,S,I,I,S,S,I,S,S,I,S,I,S,S,I,I,S
0.01,S,I,S,S,I,S,S,I,I,S,S,I,S,S,I,S,I,S,S,I,I,S
0.07,S,I,S,S,S,S,S,I,I,S,S,I,S,S,I,S,I,S,S,I,I,S
0.03,S,I,S,S,S,S,S,I,I,S,S,I,S,S,S,S,I,S,S,I,I,S
0.03,S,I,S,S,S,S,S,I,I,S,S,I,I,S,S,S,I,S,S,I,I,S
0.04,S,I,S,S,S,S,S,I,S,S,S,I,I,S,S,S,I,S,S,I,I,S
0.09,S,I,S,S,S,S,S,I,S,S,S,I,I,S,S,S,I,S,S,I,S,S
0.09,S,I,I,S,S,S,S,I,S,S,S,I,I,S,S,S,I,S,S,I,S,S
0.03,I,I,I,S,S,S,S,I,S,S,S,I,I,S,S,S,I,S,S,I,S,S
0.01,I,S,I,S,S,S,S,I,S,S,S,I,I,S,S,S,I,S,S,I,S,S
0.01,I,S,I,S,S,S,S,I,S,S,S,I,I,S,S,S,S,S,S,I,S,S
0.08,I,S,I,S,S,S,S,I,S,S,S,I,I,S,S,S,S,I,S,I,S,S
0.02,I,S,I,S,S,S,I,I,S,S,S,I,I,S,S,S,S,I,S,I,S,S
0.03,I,S,I,S,S,S,I,S,S,S,S,I,I,S,S,S,S,I,S,I,S,S
0.29,I,S,I,S,S,S,I,S,S,I,S,I,I,S,S,S,S,I,S,I,S,S
0.29,I,S,I,I,S,S,I,S,S,I,S,I,I,S,S,S,S,I,S,I,S,S
0.27,I,S,I,I,S,S,I,S,S,S,S,I,I,S,S,S,S,I,S,I,S,S
0.03,I,S,I,I,I,S,I,S,S,S,S,I,I,S,S,S,S,I,S,I,S,S
0.17,I,S,I,I,I,S,I,S,S,S,S,I,I,S,S,S,S,I,S,I,S,I
0.05,S,S,I,I,I,S,I,S,S,S,S,I,I,S,S,S,S,I,S,I,S,I
0.02,S,S,I,I,S,S,I,S,S,S,S,I,I,S,S,S,S,I,S,I,S,I
0.02,S,S,I,I,S,S,S,S,S,S,S,I,I,S,S,S,S,I,S,I,S,I
0.03,S,S,I,I,S,S,S,S,S,S,S,I,I,S,S,S,S,I,S,I,S,S
0.18,S,S,I,I,S,S,S,I,S,S,S,I,I,S,S,S,S,I,S,I,S,S
0.03,S,S,I,I,S,S,S,I,S,S,S,I,I,S,S,S,I,I,S,I,S,S
0.13,S,S,I,I,S,S,S,I,S,S,S,I,I,I,S,S,I,I,S,I,S,S
0.01,S,S,S,I,S,S,S,I,S,S,S,I,I,I,S,S,I,I,S,I,S,S
0.02,S,S,S,I,S,I,S,I,S,S,S,I,I,I,S,S,I,I,S,I,S,S
0.05,S,S,S,I,S,I,S,I,S,S,S,I,I,I,I,S,I,I,S,I,S,S
0.16,S,S,S,I,I,I,S,I,S,S,S,I,I,I,I,S,I,I,S,I,S,S
0.10,S,S,S,I,I,I,S,I,S,S,S,I,I,S,I,S,I,I,S,I,S,S
0.03,S,S,S,I,I,I,S,I,S,S,S,I,I,S,I,S,S,I,S,I,S,S
0.01,S,S,S,I,I,I,S,I,S,S,S,I,I,S,I,S,S,I,S,S,S,S
0.22,S,S,S,I,I,I,S,I,S,S,S,I,S,S,I,S,S,I,S,S,S,S
0.02,S,S,S,I,I,I,S,I,S,S,S,I,I,S,I,S,S,I,S,S,S,S
0.00,S,S,S,I,I,I,S,I,S,S,S,I,I,S,I,S,I,I,S,S,S,S
0.00,S,S,S,I,I,I,S,I,S,S,I,I,I,S,I,S,I,I,S,S,S,S
0.03,S,S,S,I,I,I,S,I,S,I,I,I,I,S,I,S,I,I,S,S,S,S
0.01,S,I,S,I,I,I,S,I,S,I,I,I,I,S,I,S,I,I,S,S,S,S
0.02,S,I,S,I,I,I,S,S,S,I,I,I,I,S,I,S,I,I,S,S,S,S
0.04,S,I,S,I,I,I,S,S,S,I,I,I,I,S,S,S,I,I,S,S,S,S
0.13,S,I,S,I,I,I,S,S,S,I,I,I,I,S,S,S,I,S,S,S,S,S
0.02,S,I,S,I,I,I,S,I,S,I,I,I,I,S,S,S,I,S,S,S,S,S
0.00,S,I,I,I,I,I,S,I,S,I,I,I,I,S,S,S,I,S,S,S,S,S
0.03,S,S,I,I,I,I,S,I,S,I,I,I,I,S,S,S,I,S,S,S,S,S
0.01,S,S,I,I,I,I,S,I,S,I,I,I,I,S,S,S,I,S,S,S,I,S
0.00,S,S,I,I,I,S,S,I,S,I,I,I,I,S,S,S,I,S,S,S,I,S
0.02,I,S,I,I,I,S,S,I,S,I,I,I,I,S,S,S,I,S,S,S,I,S
0.01,I,S,S,I,I,S,S,I,S,I,I,I,I,S,S,S,I,S,S,S,I,S
0.00,I,S,S,I,I,I,S,I,S,I,I,I,I,S,S,S,I,S,S,S,I,S
0.02,I,S,S,S,I,I,S,I,S,I,I,I,I,S,S,S,I,S,S,S,I,S
0.06,I,S,S,S,I,I,S,I,S,I,I,I,I,S,S,S,I,I,S,S,I,S
0.14,I,S,S,S,I,I,S,I,S,I,I,I,I,S,S,S,S,I,S,S,I,S
0.05,I,S,S,S,I,I,S,I,S,I,I,I,I,S,S,S,S,I,S,S,S,S
0.00,I,S,S,S,I,I,S,I,S,I,I,I,I,S,S,S,S,S,S,S,S,S
0.05,I,S,S,S,S,I,S,I,S,I,I,I,I,S,S,S,S,S,S,S,S,S
0.03,I,S,S,S,S,S,S,I,S,I,I,I,I,S,S,S,S,S,S,S,S,S
0.05,I,S,S,S,S,S,S,S,S,I,I,I,I,S,S,S,S,S,S,S,S,S
0.02,I,S,S,S,S,S,S,S,S,I,S,I,I,S,S,S,S,S,S,S,S,S
0.25,I,S,S,S,S,S,S,S,S,I,I,I,I,S,S,S,S,S,S,S,S,S
0.03,I,S,S,S,S,S,S,S,S,I,I,S,I,S,S,S,S,S,S,S,S,S
0.02,I,S,S,S,S,S,S,S,S,S,I,S,I,S,S,S,S,S,S,S,S,S
0.02,I,S,S,S,S,S,S,I,S,S,I,S,I,S,S,S,S,S,S,S,S,S
0.15,I,S,S,S,S,S,S,I,S,S,I,S,I,S,S,S,S,S,S,S,I,S
0.02,I,S,S,S,S,S,S,I,S,S,I,S,I,S,S,S,I,S,S,S,I,S
0.05,I,S,S,S,S,S,S,S,S,S,I,S,I,S,S,S,I,S,S,S,I,S
0.00,I,S,I,S,S,S,S,S,S,S,I,S,I,S,S,S,I,S,S,S,I,S
0.03,I,S,I,S,S,I,S,S,S,S,I,S,I,S,S,S,I,S,S,S,I,S
0.02,I,S,I,S,S,I,S,S,S,S,I,S,I,S,S,S,I,I,S,S,I,S
0.09,I,S,I,S,S,I,S,S,S,S,I,S,I,S,S,S,I,I,S,S,S,S
0.08,I,S,I,S,S,I,S,S,S,I,I,S,I,S,S,S,I,I,S,S,S,S
0.10,S,S,I,S,S,I,S,S,S,I,I,S,I,S,S,S,I,I,S,S,S,S
0.09,S,S,I,S,S,S,S,S,S,I,I,S,I,S,S,S,I,I,S,S,S,S
0.02,I,S,I,S,S,S,S,S,S,I,I,S,I,S,S,S,I,I,S,S,S,S
0.01,S,S,I,S,S,S,S,S,S,I,I,S,I,S,S,S,I,I,S,S,S,S
0.11,S,S,S,S,S,S,S,S,S,I,I,S,I,S,S,S,I,I,S,S,S,S
0.05,S,S,S,S,S,S,S,S,S,I,I,S,I,I,S,S,I,I,S,S,S,S
0.05,S,S,S,S,S,I,S,S,S,I,I,S,I,I,S,S,I,I,S,S,S,S
0.09,S,S,S,S,S,I,S,S,S,I,I,S,I,I,S,I,I,I,S,S,S,S
0.00,S,S,S,S,S,I,S,S,S,I,I,S,I,I,S,S,I,I,S,S,S,S
0.07,S,S,S,S,S,I,S,S,S,I,I,S,I,I,S,S,I,S,S,S,S,S
0.01,S,S,S,S,S,I,S,S,S,I,I,S,I,I,S,S,I,S,I,S,S,S
0.01,S,S,S,S,S,I,S,S,S,I,I,S,I,I,S,I,I,S,I,S,S,S
0.01,S,S,S,S,S,I,S,S,S,I,I,S,S,I,S,I,I,S,I,S,S,S
0.04,S,S,S,S,S,I,S,S,S,I,I,S,S,I,S,I,I,S,I,S,I,S
0.03,S,S,S,S,S,I,S,S,S,I,I,S,S,I,S,I,S,S,I,S,I,S
0.43,S,S,S,S,S,I,S,S,S,I,I,S,S,I,S,I,S,S,I,S,S,S
0.25,S,S,S,I,S,I,S,S,S,I,I,S,S,I,S,I,S,S,I,S,S,S
0.25,S,S,S,I,S,S,S,S,S,I,I,S,S,I,S,I,S,S,I,S,S,S
0.01,S,S,S,I,S,S,S,S,I,I,I,S,S,I,S,I,S,S,I,S,S,S
0.05,S,S,S,I,S,S,S,S,I,S,I,S,S,I,S,I,S,S,I,S,S,S
0.06,S,S,S,I,S,S,S,S,I,S,I,S,S,S,S,I,S,S,I,S,S,S
0.08,S,S,S,I,S,S,S,S,I,S,I,S,S,S,S,S,S,S,I,S,S,S
0.08,S,S,S,I,S,S,S,S,I,S,I,S,S,S,S,S,S,S,I,I,S,S
0.00,S,S,S,I,S,S,S,S,I,S,I,S,S,S,S,S,S,I,I,I,S,S
0.12,S,S,S,I,S,S,S,S,I,S,I,S,S,S,S,I,S,I,I,I,S,S
0.05,S,S,S,I,S,S,I,S,I,S,I,S,S,S,S,I,S,I,I,I,S,S
0.03,S,S,S,I,S,S,S,S,I,S,I,S,S,S,S,I,S,I,I,I,S,S
0.00,S,S,S,I,S,S,S,S,I,S,S,S,S,S,S,I,S,I,I,I,S,S
0.08,S,S,S,I,S,S,S,S,S,S,S,S,S,S,S,I,S,I,I,I,S,S
0.30,I,S,S,I,S,S,S,S,S,S,S,S,S,S,S,I,S,I,I,I,S,S
0.08,I,S,S,I,S,S,S,S,S,S,S,S,S,S,S,I,S,S,I,I,S,S
0.01,I,S,S,I,S,S,S,S,S,S,S,S,S,S,S,I,I,S,I,I,S,S
0.20,I,S,S,S,S,S,S,S,S,S,S,S,S,S,S,I,I,S,I,I,S,S
0.24,I,S,S,S,S,S,S,S,S,S,S,S,S,S,S,S,I,S,I,I,S,S
0.01,I,S,S,S,S,S,S,S,S,S,S,S,S,S,S,S,I,S,S,I,S,S
0.04,I,S,S,S,S,S,S,S,S,S,S,S,S,S,S,S,I,S,I,I,S,S
0.17,I,S,S,S,S,S,S,S,S,S,S,S,I,S,S,S,I,S,I,I,S,S
0.06,I,S,S,S,S,S,S,S,S,S,S,S,I,S,S,S,I,S,S,I,S,S
0.04,I,S,S,S,S,S,S,S,S,S,S,S,I,S,S,I,I,S,S,I,S,S
0.02,I,S,S,S,S,I,S,S,S,S,S,S,I,S,S,I,I,S,S,I,S,S
0.15,I,S,S,S,S,I,S,S,S,S,S,S,I,S,S,I,I,S,I,I,S,S
0.02,I,S,S,S,S,I,S,S,S,I,S,S,I,S,S,I,I,S,I,I,S,S
0.02,I,S,S,S,S,I,S,S,I,I,S,S,I,S,S,I,I,S,I,I,S,S
0.14,I,S,S,S,S,I,I,S,I,I,S,S,I,S,S,I,I,S,I,I,S,S
0.15,I,S,S,S,S,I,I,S,I,I,S,S,S,S,S,I,I,S,I,I,S,S
0.31,I,S,S,S,S,I,I,S,I,I,S,S,S,S,S,I,I,S,I,I,S,I
0.01,I,S,S,S,S,I,S,S,I,I,S,S,S,S,S,I,I,S,I,I,S,I
0.01,I,S,I,S,S,I,S,S,I,I,S,S,S,S,S,I,I,S,I,I,S,I
0.11,I,S,I,S,S,I,S,S,I,I,S,S,S,S,S,I,I,S,S,I,S,I
0.16,I,S,I,S,S,S,S,S,I,I,S,S,S,S,S,I,I,S,S,I,S,I
0.08,I,S,I,S,S,S,I,S,I,I,S,S,S,S,S,I,I,S,S,I,S,I
0.24,I,S,I,S,S,S,I,S,I,I,S,S,S,S,S,I,I,S,S,S,S,I
0.09,I,S,I,S,S,S,I,S,I,I,S,S,I,S,S,I,I,S,S,S,S,I
0.09,I,S,I,S,S,S,I,I,I,I,S,S,I,S,S,I,I,S,S,S,S,I
0.01,I,S,I,S,S,S,I,I,S,I,S,S,I,S,S,I,I,S,S,S,S,I
0.00,I,S,I,S,S,S,I,I,S,I,S,S,I,S,I,I,I,S,S,S,S,I
0.02,I,S,I,S,S,S,I,I,S,I,S,S,I,S,I,I,I,S,S,S,I,I
0.04,I,S,I,S,S,S,I,I,S,I,S,S,I,S,S,I,I,S,S,S,I,I
0.05,I,S,I,S,S,S,I,I,I,I,S,S,I,S,S,I,I,S,S,S,I,I
0.01,I,S,I,S,S,I,I,I,I,I,S,S,I,S,S,I,I,S,S,S,I,I
0.06,I,S,I,I,S,I,I,I,I,I,S,S,I,S,S,I,I,S,S,S,I,I
0.00,I,S,I,I,S,I,I,I,I,I,S,S,I,S,S,I,S,S,S,S,I,I
0.03,I,S,I,I,S,I,I,I,I,I,S,S,I,S,S,I,S,S,S,S,I,S
0.01,I,S,I,I,S,I,I,I,I,I,S,S,S,S,S,I,S,S,S,S,I,S
0.01,I,S,I,I,S,I,I,I,I,I,S,S,S,S,S,I,S,S,S,S,S,S
0.05,I,S,I,I,S,I,I,I,I,I,S,S,S,S,S,I,S,I,S,S,S,S
0.05,S,S,I,I,S,I,I,I,I,I,S,S,S,S,S,I,S,I,S,S,S,S
0.08,S,S,I,I,S,I,I,I,I,I,S,S,S,S,S,I,S,S,S,S,S,S
0.01,S,S,I,I,S,I,I,I,I,I,S,S,S,I,S,I,S,S,S,S,S,S
0.03,S,S,I,S,S,I,I,I,I,I,S,S,S,I,S,I,S,S,S,S,S,S
0.04,S,S,I,S,S,I,I,I,I,S,S,S,S,I,S,I,S,S,S,S,S,S
0.01,S,S,I,S,S,I,I,I,I,S,S,S,S,I,S,S,S,S,S,S,S,S
0.00,S,S,I,S,S,I,I,I,I,S,S,S,S,I,S,S,I,S,S,S,S,S
0.05,S,S,I,S,S,I,S,I,I,S,S,S,S,I,S,S,I,S,S,S,S,S
0.32,S,S,I,S,S,I,S,I,S,S,S,S,S,I,S,S,I,S,S,S,S,S
0.00,S,S,I,S,S,I,S,I,S,S,I,S,S,I,S,S,I,S,S,S,S,S
0.09,S,S,I,S,S,I,S,I,S,S,I,S,S,S,S,S,I,S,S,S,S,S
0.04,S,S,I,S,S,I,S,S,S,S,I,S,S,S,S,S,I,S,S,S,S,S
0.22,S,S,I,S,S,I,S,S,I,S,I,S,S,S,S,S,I,S,S,S,S,S
0.00,S,S,S,S,S,I,S,S,I,S,I,S,S,S,S,S,I,S,S,S,S,S
0.00,S,S,S,S,S,I,S,S,I,S,I,S,S,S,S,S,I,S,S,I,S,S
0.11,S,S,S,S,S,I,S,S,I,S,I,S,I,S,S,S,I,S,S,I,S,S
0.02,S,S,S,S,S,I,S,S,I,S,I,S,S,S,S,S,I,S,S,I,S,S
0.01,S,S,S,S,S,I,S,S,I,S,I,S,S,S,S,S,S,S,S,I,S,S
0.13,S,I,S,S,S,I,S,S,I,S,I,S,S,S,S,S,S,S,S,I,S,S
0.02,S,I,S,S,S,I,S,S,I,S,I,S,I,S,S,S,S,S,S,I,S,S
0.05,S,I,S,S,S,I,S,S,S,S,I,S,I,S,S,S,S,S,S,I,S,S
0.10,S,S,S,S,S,I,S,S,S,S,I,S,I,S,S,S,S,S,S,I,S,S
0.01,S,S,S,S,S,I,S,S,S,S,I,S,I,S,S,S,S,S,S,S,S,S
0.01,S,S,S,S,S,I,S,S,S,S,S,S,I,S,S,S,S,S,S,S,S,S
0.03,S,S,S,S,S,I,S,S,S,S,S,S,I,S,S,S,S,I,S,S,S,S
0.06,I,S,S,S,S,I,S,S,S,S,S,S,I,S,S,S,S,I,S,S,S,S
0.03,I,S,S,S,S,I,I,S,S,S,S,S,I,S,S,S,S,I,S,S,S,S
0.11,I,S,S,S,S,I,I,S,S,S,S,S,I,S,S,I,S,I,S,S,S,S
0.15,I,S,S,S,S,I,I,S,S,S,S,S,I,S,I,I,S,I,S,S,S,S
0.10,I,S,S,S,S,I,I,S,S,S,S,S,I,S,I,S,S,I,S,S,S,S
0.12,I,S,S,S,S,I,I,S,S,S,S,S,I,S,I,S,S,I,I,S,S,S
0.06,I,S,S,S,I,I,I,S,S,S,S,S,I,S,I,S,S,I,I,S,S,S
0.06,I,S,S,S,I,I,I,S,S,S,S,S,I,S,S,S,S,I,I,S,S,S
0.01,I,S,S,S,S,I,I,S,S,S,S,S,I,S,S,S,S,I,I,S,S,S
0.05,I,S,S,S,S,I,S,S,S,S,S,S,I,S,S,S,S,I,I,S,S,S
0.00,I,S,S,S,S,I,S,S,S,S,S,S,I,I,S,S,S,I,I,S,S,S
0.23,I,S,S,S,S,I,S,S,S,S,S,I,I,I,S,S,S,I,I,S,S,S
0.13,I,S,S,S,S,I,S,S,S,S,S,I,I,I,S,S,S,S,I,S,S,S
0.25,I,S,I,S,S,I,S,S,S,S,S,I,I,I,S,S,S,S,I,S,S,S
0.11,I,S,I,S,S,S,S,S,S,S,S,I,I,I,S,S,S,S,I,S,S,S
0.08,I,S,I,S,S,S,S,S,S,S,S,I,I,I,S,S,S,S,I,S,S,I
0.05,I,S,I,S,S,S,S,I,S,S,S,I,I,I,S,S,S,S,I,S,S,I
0.14,I,S,I,S,S,S,S,I,S,S,S,I,I,I,I,S,S,S,I,S,S,I
0.01,I,S,I,S,S,S,S,I,S,S,S,I,I,S,I,S,S,S,I,S,S,I
0.24,I,S,I,S,S,S,S,I,S,S,I,I,I,S,I,S,S,S,I,S,S,I
0.10,I,S,I,S,S,S,S,I,S,S,S,I,I,S,I,S,S,S,I,S,S,I
0.03,S,S,I,S,S,S,S,I,S,S,S,I,I,S,I,S,S,S,I,S,S,I
0.05,S,S,I,S,S,S,S,I,S,S,S,I,I,S,I,S,S,S,I,S,S,S
0.04,S,S,I,S,S,S,S,I,S,S,S,I,S,S,I,S,S,S,I,S,S,S
0.09,S,S,I,S,S,S,S,I,S,S,S,I,S,S,S,S,S,S,I,S,S,S
0.06,S,S,I,S,S,S,S,I,S,S,S,I,S,S,I,S,S,S,I,S,S,S
0.01,S,S,I,S,S,S,S,I,S,S,S,I,S,S,I,S,S,S,I,I,S,S
0.00,S,S,I,S,S,S,S,I,S,S,S,I,S,S,I,S,S,S,S,I,S,S
0.43,S,S,I,S,S,S,S,I,S,S,S,I,S,S,I,S,S,S,S,I,I,S
0.09,S,S,I,S,S,S,S,S,S,S,S,I,S,S,I,S,S,S,S,I,I,S
0.02,S,S,I,S,S,S,S,S,S,S,S,I,S,S,I,S,I,S,S,I,I,S
0.05,S,S,I,S,S,S,S,S,I,S,S,I,S,S,I,S,I,S,S,I,I,S
0.13,S,S,I,S,S,S,S,S,I,S,S,I,S,S,I,S,S,S,S,I,I,S
0.15,I,S,I,S,S,S,S,S,I,S,S,I,S,S,I,S,S,S,S,I,I,S
0.17,I,S,I,S,S,S,S,S,I,S,S,I,S,S,I,S,S,S,S,S,I,S
0.32,I,S,I,S,S,S,S,S,I,S,S,I,S,S,I,S,S,S,S,S,S,S
0.12,I,S,I,S,I,S,S,S,I,S,S,I,S,S,I,S,S,S,S,S,S,S
0.00,I,S,I,S,I,S,S,S,I,S,S,I,S,S,I,S,S,I,S,S,S,S
0.06,I,S,I,I,I,S,S,S,I,S,S,I,S,S,I,S,S,I,S,S,S,S
0.07,I,S,I,I,I,S,S,S,S,S,S,I,S,S,I,S,S,I,S,S,S,S
0.08,I,S,I,I,I,S,I,S,S,S,S,I,S,S,I,S,S,I,S,S,S,S
0.07,I,S,I,I,I,S,I,S,S,S,S,I,S,I,I,S,S,I,S,S,S,S
0.24,I,S,I,I,I,S,I,S,S,S,I,I,S,I,I,S,S,I,S,S,S,S
0.05,I,I,I,I,I,S,I,S,S,S,I,I,S,I,I,S,S,I,S,S,S,S
0.13,I,I,S,I,I,S,I,S,S,S,I,I,S,I,I,S,S,I,S,S,S,S
0.01,I,I,S,I,I,S,I,S,S,S,I,I,S,I,I,S,S,I,S,S,I,S
0.09,I,I,S,I,I,S,I,S,S,S,I,S,S,I,I,S,S,I,S,S,I,S
0.04,I,I,S,I,I,S,I,S,S,S,I,S,S,I,I,S,S,I,S,S,I,I
0.04,I,I,S,I,I,S,I,S,S,S,I,S,S,S,I,S,S,I,S,S,I,I
0.05,I,I,S,I,S,S,I,S,S,S,I,S,S,S,I,S,S,I,S,S,I,I
0.01,I,I,S,I,S,S,I,S,S,S,S,S,S,S,I,S,S,I,S,S,I,I
0.00,I,I,S,I,S,S,I,S,S,S,S,S,S,S,S,S,S,I,S,S,I,I
0.04,I,I,S,I,S,S,I,S,S,S,S,S,S,S,S,S,S,S,S,S,I,I
0.01,I,I,S,I,S,S,I,S,I,S,S,S,S,S,S,S,S,S,S,S,I,I
0.02,I,I,S,I,S,S,I,I,I,S,S,S,S,S,S,S,S,S,S,S,I,I
0.06,I,I,S,I,S,S,I,I,S,S,S,S,S,S,S,S,S,S,S,S,I,I
0.07,I,I,S,I,S,S,I,I,S,S,S,S,S,S,S,S,S,S,S,S,S,I
0.01,I,S,S,I,S,S,I,I,S,S,S,S,S,S,S,S,S,S,S,S,S,I
0.02,S,S,S,I,S,S,I,I,S,S,S,S,S,S,S,S,S,S,S,S,S,I
0.01,S,S,S,I,S,S,I,I,S,S,S,S,S,S,S,S,S,I,S,S,S,I
0.03,S,S,S,I,S,S,I,I,S,S,S,S,S,S,S,S,S,I,S,S,I,I
0.05,S,S,S,I,S,S,I,I,S,S,S,S,S,S,S,S,I,I,S,S,I,I
0.06,S,S,S,I,S,S,I,S,S,S,S,S,S,S,S,S,I,I,S,S,I,I
0.04,S,S,S,I,S,S,I,S,S,S,S,S,S,S,S,S,S,I,S,S,I,I
0.06,S,S,S,I,I,S,I,S,S,S,S,S,S,S,S,S,S,I,S,S,I,I
0.17,S,S,S,I,S,S,I,S,S,S,S,S,S,S,S,S,S,I,S,S,I,I
0.01,S,S,S,I,S,S,I,S,S,S,S,S,S,S,S,S,S,S,S,S,I,I
0.12,S,S,S,I,I,S,I,S,S,S,S,S,S,S,S,S,S,S,S,S,I,I
0.25,S,S,S,S,I,S,I,S,S,S,S,S,S,S,S,S,S,S,S,S,I,I
0.01,S,S,S,S,I,S,I,S,S,S,S,S,S,I,S,S,S,S,S,S,I,I
0.01,S,S,S,S,I,S,I,S,S,S,S,I,S,I,S,S,S,S,S,S,I,I
0.13,S,S,S,S,I,S,I,S,S,S,S,I,S,I,S,S,S,S,I,S,I,I
0.17,S,S,S,S,I,S,I,S,S,S,S,I,S,I,S,S,S,S,I,I,I,I
0.05,S,S,S,S,I,S,I,S,S,S,S,I,S,I,S,S,S,S,I,S,I,I
0.24,S,S,S,S,I,S,I,S,S,S,S,I,I,I,S,S,S,S,I,S,I,I
0.03,I,S,S,S,I,S,I,S,S,S,S,I,I,I,S,S,S,S,I,S,I,I
0.10,I,S,S,S,I,S,I,S,S,S,S,I,I,I,I,S,S,S,I,S,I,I
0.02,I,S,S,S,I,S,I,S,S,S,S,I,I,I,I,S,S,S,I,S,S,I
0.16,I,S,S,S,I,S,I,S,S,S,S,I,I,I,I,S,S,S,S,S,S,I
0.00,I,S,S,S,S,S,I,S,S,S,S,I,I,I,I,S,S,S,S,S,S,I
0.11,I,S,S,S,S,S,S,S,S,S,S,I,I,I,I,S,S,S,S,S,S,I
0.08,I,S,S,S,S,S,S,S,S,S,S,I,I,I,I,S,S,S,S,S,S,S
0.13,I,I,S,S,S,S,S,S,S,S,S,I,I,I,I,S,S,S,S,S,S,S
0.11,I,I,S,S,I,S,S,S,S,S,S,I,I,I,I,S,S,S,S,S,S,S
0.06,I,I,S,S,I,S,S,S,S,S,I,I,I,I,I,S,S,S,S,S,S,S
0.02,I,I,S,S,I,S,S,S,S,S,I,I,I,I,I,I,S,S,S,S,S,S
0.14,I,I,S,S,I,S,S,S,S,I,I,I,I,I,I,I,S,S,S,S,S,S
0.00,S,I,S,S,I,S,S,S,S,I,I,I,I,I,I,I,S,S,S,S,S,S
0.02,S,I,S,S,I,S,S,S,S,I,I,S,I,I,I,I,S,S,S,S,S,S
0.00,S,I,S,S,I,S,S,S,S,I,I,S,I,I,S,I,S,S,S,S,S,S
0.12,S,S,S,S,I,S,S,S,S,I,I,S,I,I,S,I,S,S,S,S,S,S
0.19,S,S,S,S,I,S,S,S,S,I,I,S,I,S,S,I,S,S,S,S,S,S
0.33,I,S,S,S,I,S,S,S,S,I,I,S,I,S,S,I,S,S,S,S,S,S
0.50,I,S,S,S,S,S,S,S,S,I,I,S,I,S,S,I,S,S,S,S,S,S
0.01,I,S,S,S,S,S,I,S,S,I,I,S,I,S,S,I,S,S,S,S,S,S
0.15,I,S,S,S,S,S,I,S,S,I,I,S,I,S,S,S,S,S,S,S,S,S
0.06,I,S,S,S,S,S,I,S,I,I,I,S,I,S,S,S,S,S,S,S,S,S
0.05,I,S,S,I,S,S,I,S,I,I,I,S,I,S,S,S,S,S,S,S,S,S
0.02,I,S,S,I,S,S,I,S,I,I,I,S,I,S,S,S,S,S,S,S,S,I
0.01,I,S,S,I,S,S,I,S,I,I,I,S,I,S,S,S,I,S,S,S,S,I
0.08,I,S,S,I,S,S,S,S,I,I,I,S,I,S,S,S,I,S,S,S,S,I
0.32,I,S,S,I,S,S,S,S,I,S,I,S,I,S,S,S,I,S,S,S,S,I
0.00,I,S,S,I,S,S,S,S,I,S,I,S,I,S,I,S,I,S,S,S,S,I
0.03,I,S,S,I,S,S,S,S,I,S,I,S,I,S,I,S,S,S,S,S,S,I
0.18,S,S,S,I,S,S,S,S,I,S,I,S,I,S,I,S,S,S,S,S,S,I
0.45,S,S,S,I,S,S,S,S,I,S,I,S,I,S,S,S,S,S,S,S,S,I
0.06,S,S,S,I,S,S,S,S,I,S,I,S,I,S,S,S,S,S,S,S,S,S
0.09,I,S,S,I,S,S,S,S,I,S,I,S,I,S,S,S,S,S,S,S,S,S
0.01,I,S,S,S,S,S,S,S,I,S,I,S,I,S,S,S,S,S,S,S,S,S
0.01,I,S,S,S,S,S,S,S,I,S,I,S,I,I,S,S,S,S,S,S,S,S
0.15,I,S,S,S,S,S,S,I,I,S,I,S,I,I,S,S,S,S,S,S,S,S
0.11,I,S,S,S,S,S,S,I,I,S,I,S,I,I,S,S,S,S,S,I,S,S
0.06,I,S,S,S,S,S,S,I,I,S,I,S,I,S,S,S,S,S,S,I,S,S
0.08,I,S,S,S,S,S,S,S,I,S,I,S,I,S,S,S,S,S,S,I,S,S
0.01,S,S,S,S,S,S,S,S,I,S,I,S,I,S,S,S,S,S,S,I,S,S
0.03,S,S,S,S,I,S,S,S,I,S,I,S,I,S,S,S,S,S,S,I,S,S
0.08,S,S,S,S,I,S,S,S,I,S,I,S,I,S,S,S,S,S,S,S,S,S
0.09,S,S,S,S,I,S,S,S,I,S,I,S,I,S,I,S,S,S,S,S,S,S
0.03,S,S,S,S,I,S,S,S,I,S,I,S,I,S,S,S,S,S,S,S,S,S
0.33,S,S,S,S,I,S,S,S,I,S,I,S,S,S,S,S,S,S,S,S,S,S
0.04,S,S,S,S,I,S,S,S,I,S,I,I,S,S,S,S,S,S,S,S,S,S
0.02,S,S,S,S,I,S,S,S,S,S,I,I,S,S,S,S,S,S,S,S,S,S
0.20,S,S,S,S,I,S,S,S,S,S,I,I,I,S,S,S,S,S,S,S,S,S
0.10,I,S,S,S,I,S,S,S,S,S,I,I,I,S,S,S,S,S,S,S,S,S
0.13,I,S,S,S,I,S,S,S,S,I,I,I,I,S,S,S,S,S,S,S,S,S
0.50,I,S,S,S,I,S,S,S,S,I,I,I,I,S,I,S,S,S,S,S,S,S
0.05,I,S,S,S,I,S,S,S,S,S,I,I,I,S,I,S,S,S,S,S,S,S
0.06,I,S,S,S,I,S,S,I,S,S,I,I,I,S,I,S,S,S,S,S,S,S
0.02,I,S,S,S,I,S,S,I,S,S,I,I,S,S,I,S,S,S,S,S,S,S
0.14,S,S,S,S,I,S,S,I,S,S,I,I,S,S,I,S,S,S,S,S,S,S
0.00,S,S,S,S,I,S,S,I,S,S,I,I,S,S,I,S,S,S,S,S,S,I
0.08,S,S,S,S,S,S,S,I,S,S,I,I,S,S,I,S,S,S,S,S,S,I
0.13,S,S,I,S,S,S,S,I,S,S,I,I,S,S,I,S,S,S,S,S,S,I
0.04,S,S,I,S,S,S,S,I,S,S,I,I,S,S,S,S,S,S,S,S,S,I
0.05,S,S,I,S,S,S,S,I,S,S,I,I,S,S,S,S,I,S,S,S,S,I
0.03,I,S,I,S,S,S,S,I,S,S,I,I,S,S,S,S,I,S,S,S,S,I
0.06,I,S,I,S,S,S,S,I,S,S,I,I,S,S,S,S,S,S,S,S,S,I
0.11,I,S,I,S,S,S,S,I,S,S,I,S,S,S,S,S,S,S,S,S,S,I
0.02,I,I,I,S,S,S,S,I,S,S,I,S,S,S,S,S,S,S,S,S,S,I
0.26,I,I,I,S,S,S,I,I,S,S,I,S,S,S,S,S,S,S,S,S,S,I
0.03,I,I,I,S,S,S,I,I,S,S,I,S,S,S,I,S,S,S,S,S,S,I
0.02,I,I,I,S,S,S,I,S,S,S,I,S,S,S,I,S,S,S,S,S,S,I
0.09,I,I,I,S,S,S,I,S,S,S,I,S,S,S,S,S,S,S,S,S,S,I
0.02,I,I,I,S,S,S,I,S,S,S,I,S,I,S,S,S,S,S,S,S,S,I
0.06,I,I,I,S,S,S,I,S,S,S,I,S,I,S,S,I,S,S,S,S,S,I
0.02,I,I,I,S,S,S,I,S,S,S,I,S,I,S,S,I,S,S,S,S,S,S
0.03,I,I,I,S,S,S,S,S,S,S,I,S,I,S,S,I,S,S,S,S,S,S
0.05,I,I,I,S,S,S,S,S,S,S,I,S,I,S,S,I,S,S,S,I,S,S
0.12,I,I,I,S,S,S,S,S,S,S,S,S,I,S,S,I,S,S,S,I,S,S
0.01,I,S,I,S,S,S,S,S,S,S,S,S,I,S,S,I,S,S,S,I,S,S
0.11,I,S,I,S,S,S,S,S,S,S,S,S,I,S,S,I,S,S,S,I,S,I
0.03,I,S,I,S,S,S,S,S,S,S,S,S,I,S,S,I,S,S,S,I,S,S
0.04,I,S,I,S,S,S,S,S,S,S,S,S,I,S,I,I,S,S,S,I,S,S
0.12,I,S,I,S,S,S,S,S,S,S,S,S,I,S,I,I,I,S,S,I,S,S
0.00,I,S,I,S,I,S,S,S,S,S,S,S,I,S,I,I,I,S,S,I,S,S
0.02,I,S,I,S,I,S,S,S,S,S,S,S,S,S,I,I,I,S,S,I,S,S
0.03,I,S,I,S,I,I,S,S,S,S,S,S,S,S,I,I,I,S,S,I,S,S
0.08,I,S,I,S,I,I,S,S,S,S,S,S,S,I,I,I,I,S,S,I,S,S
0.05,I,S,I,S,I,I,S,S,S,S,S,S,S,I,I,I,I,S,S,S,S,S
0.03,I,S,I,S,I,I,S,I,S,S,S,S,S,I,I,I,I,S,S,S,S,S
0.07,I,S,I,S,S,I,S,I,S,S,S,S,S,I,I,I,I,S,S,S,S,S
0.08,S,S,I,S,S,I,S,I,S,S,S,S,S,I,I,I,I,S,S,S,S,S
0.31,S,S,I,S,S,I,S,I,S,S,S,S,S,S,I,I,I,S,S,S,S,S
0.03,I,S,I,S,S,I,S,I,S,S,S,S,S,S,I,I,I,S,S,S,S,S
0.04,I,S,I,S,S,I,S,I,S,S,S,S,S,S,I,I,I,S,S,S,S,I
0.02,I,S,I,S,S,I,S,I,S,I,S,S,S,S,I,I,I,S,S,S,S,I
0.15,I,S,I,S,S,I,S,I,S,I,S,S,S,S,I,S,I,S,S,S,S,I
0.14,I,S,I,S,S,I,S,S,S,I,S,S,S,S,I,S,I,S,S,S,S,I
0.08,I,S,S,S,S,I,S,S,S,I,S,S,S,S,I,S,I,S,S,S,S,I
0.01,I,S,S,S,S,I,S,S,S,S,S,S,S,S,I,S,I,S,S,S,S,I
0.07,I,S,S,I,S,I,S,S,S,S,S,S,S,S,I,S,I,S,S,S,S,I
0.11,I,S,S,I,S,I,S,S,I,S,S,S,S,S,I,S,I,S,S,S,S,I
0.04,I,S,S,I,S,I,S,S,I,I,S,S,S,S,I,S,I,S,S,S,S,I
0.02,I,S,S,I,S,I,S,S,S,I,S,S,S,S,I,S,I,S,S,S,S,I
0.03,I,S,S,I,I,I,S,S,S,I,S,S,S,S,I,S,I,S,S,S,S,I
0.04,I,S,S,I,I,S,S,S,S,I,S,S,S,S,I,S,I,S,S,S,S,I
0.04,I,S,S,I,I,S,S,S,S,I,S,S,S,S,S,S,I,S,S,S,S,I
0.07,S,S,S,I,I,S,S,S,S,I,S,S,S,S,S,S,I,S,S,S,S,I
0.05,S,S,S,I,I,S,S,S,S,I,S,S,S,S,S,S,I,S,S,I,S,I
0.04,S,S,S,I,I,S,S,S,S,I,S,S,S,S,S,S,S,S,S,I,S,I
0.03,S,S,S,I,I,S,S,S,S,I,S,S,S,I,S,S,S,S,S,I,S,I
0.06,S,S,S,I,I,S,S,S,S,I,I,S,S,I,S,S,S,S,S,I,S,I
0.03,S,S,S,I,I,S,S,S,S,I,I,S,S,I,S,S,S,S,S,I,I,I
0.06,S,S,S,I,S,S,S,S,S,I,I,S,S,I,S,S,S,S,S,I,I,I
0.07,S,S,S,I,S,S,S,S,S,I,I,I,S,I,S,S,S,S,S,I,I,I
0.01,S,S,S,S,S,S,S,S,S,I,I,I,S,I,S,S,S,S,S,I,I,I
0.02,S,S,S,S,S,S,S,S,S,I,I,I,S,I,S,S,S,I,S,I,I,I
0.07,S,S,S,S,S,S,S,S,S,I,S,I,S,I,S,S,S,I,S,I,I,I
0.05,S,S,S,S,S,S,S,S,S,I,S,I,S,I,S,S,S,I,I,I,I,I
0.05,S,S,S,S,S,S,S,S,S,I,S,I,S,I,S,S,S,I,S,I,I,I
0.00,S,S,S,S,S,S,S,S,S,S,S,I,S,I,S,S,S,I,S,I,I,I
0.07,S,S,S,S,S,I,S,S,S,S,S,I,S,I,S,S,S,I,S,I,I,I
0.05,S,S,S,S,S,I,S,S,S,S,S,I,S,S,S,S,S,I,S,I,I,I
0.02,S,S,S,S,S,S,S,S,S,S,S,I,S,S,S,S,S,I,S,I,I,I
0.03,S,S,S,S,S,S,S,S,S,S,S,I,S,S,S,S,S,I,S,S,I,I
0.15,S,S,S,S,S,S,S,S,S,S,S,I,I,S,S,S,S,I,S,S,I,I
0.03,S,S,S,S,S,S,S,S,S,S,S,I,I,S,I,S,S,I,S,S,I,I
0.08,S,S,S,S,S,S,S,S,S,S,S,I,I,S,I,S,S,I,S,S,S,I
0.04,S,S,S,I,S,S,S,S,S,S,S,I,I,S,I,S,S,I,S,S,S,I
0.02,S,S,S,I,S,S,S,S,S,S,S,I,S,S,I,S,S,I,S,S,S,I
0.05,S,S,I,I,S,S,S,S,S,S,S,I,S,S,I,S,S,I,S,S,S,I
0.01,S,S,I,I,S,S,S,S,S,S,S,I,S,S,S,S,S,I,S,S,S,I
0.09,S,S,I,I,I,S,S,S,S,S,S,I,S,S,S,S,S,I,S,S,S,I
0.10,S,S,I,I,I,S,S,I,S,S,S,I,S,S,S,S,S,I,S,S,S,I
0.06,S,S,I,I,I,S,S,I,S,S,S,I,S,S,S,S,I,I,S,S,S,I
0.05,S,S,I,I,I,S,S,I,S,S,S,I,S,S,S,S,I,I,I,S,S,I
0.34,S,S,I,I,I,S,S,I,S,S,S,I,S,S,S,S,I,I,I,S,S,S
0.01,S,S,I,I,I,S,S,I,S,S,S,S,S,S,S,S,I,I,I,S,S,S
0.11,S,S,I,I,I,S,S,I,S,S,S,S,S,S,S,S,I,S,I,S,S,S
0.13,S,S,I,I,S,S,S,I,S,S,S,S,S,S,S,S,I,S,I,S,S,S
0.03,S,S,I,I,S,I,S,I,S,S,S,S,S,S,S,S,I,S,I,S,S,S
0.09,S,S,I,S,S,I,S,I,S,S,S,S,S,S,S,S,I,S,I,S,S,S
0.04,S,S,I,S,S,S,S,I,S,S,S,S,S,S,S,S,I,S,I,S,S,S
0.22,S,S,I,S,S,S,S,I,S,S,S,S,S,S,S,S,I,S,S,S,S,S
0.09,S,S,S,S,S,S,S,I,S,S,S,S,S,S,S,S,I,S,S,S,S,S
0.05,S,S,S,S,I,S,S,I,S,S,S,S,S,S,S,S,I,S,S,S,S,S
0.09,S,S,S,S,S,S,S,I,S,S,S,S,S,S,S,S,I,S,S,S,S,S
0.04,S,S,S,S,S,S,S,S,S,S,S,S,S,S,S,S,I,S,S,S,S,S
0.14,S,S,S,S,S,S,I,S,S,S,S,S,S,S,S,S,I,S,S,S,S,S
0.08,S,S,S,S,S,S,S,S,S,S,S,S,S,S,S,S,I,S,S,S,S,S
0.11,S,S,S,S,S,S,S,S,S,S,S,S,S,I,S,S,I,S,S,S,S,S
0.10,S,S,S,S,S,S,S,S,S,S,S,S,S,I,S,S,S,S,S,S,S,S
0.25,S,S,S,S,S,S,S,S,S,S,S,S,S,I,S,I,S,S,S,S,S,S
0.04,S,S,S,S,S,S,S,S,S,S,S,S,S,I,S,I,I,S,S,S,S,S
0.40,S,S,S,S,S,S,S,S,S,S,S,S,S,I,S,S,I,S,S,S,S,S
0.09,S,S,S,S,S,S,S,I,S,S,S,S,S,I,S,S,I,S,S,S,S,S
0.02,S,S,S,S,S,S,S,I,S,S,S,S,S,I,I,S,I,S,S,S,S,S
0.36,S,S,S,S,S,S,S,I,S,S,S,S,S,S,I,S,I,S,S,S,S,S
0.04,S,I,S,S,S,S,S,I,S,S,S,S,S,S,I,S,I,S,S,S,S,S
0.20,S,I,S,S,S,S,S,I,S,S,S,S,S,S,I,S,I,S,S,S,S,I
0.27,S,I,S,S,S,S,S,I,I,S,S,S,S,S,I,S,I,S,S,S,S,I
0.00,S,I,I,S,S,S,S,I,I,S,S,S,S,S,I,S,I,S,S,S,S,I
0.11,S,I,I,S,S,S,S,I,I,S,S,S,S,S,I,I,I,S,S,S,S,I
0.09,S,I,I,S,S,S,S,I,I,S,S,S,S,S,I,S,I,S,S,S,S,I
0.01,S,I,I,S,S,S,S,I,I,S,S,S,I,S,I,S,I,S,S,S,S,I
0.03,S,I,I,S,S,S,S,I,I,S,S,S,S,S,I,S,I,S,S,S,S,I
0.13,S,S,I,S,S,S,S,I,I,S,S,S,S,S,I,S,I,S,S,S,S,I
0.02,S,S,I,S,S,S,S,I,I,S,S,S,S,S,I,S,I,S,S,I,S,I
0.04,S,S,S,S,S,S,S,I,I,S,S,S,S,S,I,S,I,S,S,I,S,I
0.05,S,S,S,S,S,S,S,I,I,S,S,S,S,S,I,S,I,S,S,I,S,S
0.12,S,S,S,S,S,S,S,I,I,S,S,S,S,S,I,I,I,S,S,I,S,S
0.07,S,S,S,S,S,S,S,I,I,S,S,S,S,S,I,I,S,S,S,I,S,S
0.07,S,S,S,S,S,S,S,I,I,S,I,S,S,S,I,I,S,S,S,I,S,S
0.06,S,S,S,S,S,S,S,I,I,S,I,S,S,S,S,I,S,S,S,I,S,S
0.03,S,S,S,S,S,S,S,I,I,S,I,S,S,S,I,I,S,S,S,I,S,S
0.06,S,S,S,S,S,S,S,I,I,S,I,S,S,S,I,I,S,S,S,I,S,I
0.01,S,S,S,S,S,S,S,I,I,S,I,S,S,S,I,I,I,S,S,I,S,I
0.04,S,S,S,S,S,S,S,S,I,S,I,S,S,S,I,I,I,S,S,I,S,I
0.10,S,S,S,S,S,S,I,S,I,S,I,S,S,S,I,I,I,S,S,I,S,I
0.14,S,S,S,I,S,S,I,S,I,S,I,S,S,S,I,I,I,S,S,I,S,I
0.05,S,S,S,I,S,S,I,S,I,S,I,S,S,S,I,I,I,S,S,S,S,I
0.01,S,S,S,I,S,S,I,S,I,S,I,S,S,S,I,I,I,S,S,S,S,S
0.04,S,S,S,I,S,S,I,S,I,S,I,S,S,S,I,S,I,S,S,S,S,S
0.17,S,S,S,I,S,S,I,S,I,S,I,S,S,S,I,S,S,S,S,S,S,S
0.04,S,S,S,I,S,S,I,S,I,S,S,S,S,S,I,S,S,S,S,S,S,S
0.05,S,S,S,I,S,S,I,S,I,S,S,S,S,S,I,I,S,S,S,S,S,S
0.08,S,S,S,I,S,S,I,S,I,S,S,S,S,S,S,I,S,S,S,S,S,S
0.06,I,S,S,I,S,S,I,S,I,S,S,S,S,S,S,I,S,S,S,S,S,S
0.01,I,S,S,I,S,S,I,S,S,S,S,S,S,S,S,I,S,S,S,S,S,S
0.13,I,S,S,I,S,S,I,S,S,S,S,S,S,S,S,I,I,S,S,S,S,S
0.02,I,S,S,I,S,S,I,S,S,S,S,S,S,S,S,I,I,I,S,S,S,S
0.10,I,S,S,I,S,S,I,I,S,S,S,S,S,S,S,I,I,I,S,S,S,S
0.06,I,S,S,I,S,S,I,I,S,S,S,S,S,S,S,S,I,I,S,S,S,S
0.01,I,S,S,I,S,S,S,I,S,S,S,S,S,S,S,S,I,I,S,S,S,S
0.00,I,S,S,I,S,S,S,I,S,S,S,S,S,S,S,S,I,S,S,S,S,S
0.01,I,S,S,I,I,S,S,I,S,S,S,S,S,S,S,S,I,S,S,S,S,S
0.04,I,S,S,I,I,S,S,I,S,S,S,S,S,S,S,S,S,S,S,S,S,S
0.14,I,S,S,I,I,S,S,I,S,S,S,S,S,S,S,S,S,S,S,I,S,S
0.08,I,S,S,I,I,S,S,S,S,S,S,S,S,S,S,S,S,S,S,I,S,S
0.22,I,S,S,I,I,S,S,S,S,S,I,S,S,S,S,S,S,S,S,I,S,S
0.08,I,S,S,I,I,S,S,S,S,S,I,S,S,S,S,S,I,S,S,I,S,S
0.03,I,S,S,I,I,S,S,S,S,S,I,S,I,S,S,S,I,S,S,I,S,S
0.11,I,S,S,I,I,S,I,S,S,S,I,S,I,S,S,S,I,S,S,I,S,S
0.07,I,S,S,I,I,S,I,S,S,S,I,S,S,S,S,S,I,S,S,I,S,S
0.03,I,I,S,I,I,S,I,S,S,S,I,S,S,S,S,S,I,S,S,I,S,S
0.01,I,I,S,I,I,S,I,S,S,S,I,S,S,S,S,S,S,S,S,I,S,S
0.06,I,I,S,I,S,S,I,S,S,S,I,S,S,S,S,S,S,S,S,I,S,S
0.10,I,I,S,I,S,I,I,S,S,S,I,S,S,S,S,S,S,S,S,I,S,S
0.12,I,S,S,I,S,I,I,S,S,S,I,S,S,S,S,S,S,S,S,I,S,S
0.07,I,S,S,I,S,I,I,S,S,S,I,S,S,S,S,S,S,S,S,I,S,I
0.09,I,S,S,I,S,I,S,S,S,S,I,S,S,S,S,S,S,S,S,I,S,I
0.07,I,I,S,I,S,I,S,S,S,S,I,S,S,S,S,S,S,S,S,I,S,I
0.07,I,I,S,I,S,I,S,S,S,S,I,S,S,S,S,S,S,S,S,I,S,S
0.05,I,I,S,I,S,I,S,S,S,S,S,S,S,S,S,S,S,S,S,I,S,S
0.09,I,I,S,I,S,S,S,S,S,S,S,S,S,S,S,S,S,S,S,I,S,S
0.07,I,I,S,I,S,S,S,S,S,S,S,S,S,S,S,S,S,S,S,I,I,S
0.08,I,I,S,I,S,S,S,S,S,S,S,S,S,S,S,S,S,S,S,I,S,S
0.01,I,I,S,I,S,S,S,S,S,S,S,S,I,S,S,S,S,S,S,I,S,S
0.04,I,I,S,I,S,S,S,I,S,S,S,S,I,S,S,S,S,S,S,I,S,S
0.02,I,S,S,I,S,S,S,I,S,S,S,S,I,S,S,S,S,S,S,I,S,S
0.09,I,S,S,I,S,S,S,I,S,S,S,S,I,S,S,S,S,I,S,I,S,S
0.07,I,S,S,I,S,S,S,S,S,S,S,S,I,S,S,S,S,I,S,I,S,S
0.06,I,S,S,I,S,S,S,S,S,S,S,S,I,S,S,S,S,I,I,I,S,S
0.05,S,S,S,I,S,S,S,S,S,S,S,S,I,S,S,S,S,I,I,I,S,S
0.00,S,S,S,I,S,S,S,S,S,S,S,I,I,S,S,S,S,I,I,I,S,S
0.18,S,S,S,I,S,S,S,S,S,S,S,I,S,S,S,S,S,I,I,I,S,S
0.02,S,S,S,I,S,S,I,S,S,S,S,I,S,S,S,S,S,I,I,I,S,S
0.04,S,S,S,I,S,S,I,S,S,S,S,I,S,S,S,S,S,I,S,I,S,S
0.13,S,S,S,I,S,S,I,S,S,S,S,I,S,S,I,S,S,I,S,I,S,S
0.04,S,S,S,I,S,S,I,S,S,S,S,I,S,S,I,S,S,S,S,I,S,S
0.01,S,S,S,I,S,S,I,S,S,S,S,I,S,S,I,S,I,S,S,I,S,S
0.18,I,S,S,I,S,S,I,S,S,S,S,I,S,S,I,S,I,S,S,I,S,S
0.02,I,S,S,I,S,S,I,S,S,S,S,I,S,S,I,S,I,S,I,I,S,S
0.04,S,S,S,I,S,S,I,S,S,S,S,I,S,S,I,S,I,S,I,I,S,S
0.06,S,S,S,I,S,S,I,S,S,S,S,I,S,S,I,S,I,S,I,S,S,S
0.08,S,S,S,I,S,S,S,S,S,S,S,I,S,S,I,S,I,S,I,S,S,S
0.00,S,S,S,I,S,S,S,S,S,S,S,I,S,S,I,S,S,S,I,S,S,S
0.10,S,S,S,I,S,S,S,S,S,S,S,I,I,S,I,S,S,S,I,S,S,S
0.06,S,S,S,I,S,S,S,S,S,I,S,I,I,S,I,S,S,S,I,S,S,S
0.05,S,S,S,I,S,S,S,S,S,I,S,S,I,S,I,S,S,S,I,S,S,S
0.12,S,S,S,I,S,S,S,S,S,I,S,S,S,S,I,S,S,S,I,S,S,S
0.16,S,S,S,I,S,S,S,S,S,I,S,S,I,S,I,S,S,S,I,S,S,S
0.12,S,S,S,I,S,S,S,S,S,I,S,S,I,S,I,I,S,S,I,S,S,S
0.00,S,S,S,I,S,S,S,S,S,I,S,S,I,S,S,I,S,S,I,S,S,S
0.12,S,S,S,I,I,S,S,S,S,I,S,S,I,S,S,I,S,S,I,S,S,S
0.01,S,S,S,I,I,S,S,S,S,I,S,S,I,S,S,I,S,I,I,S,S,S
0.01,S,S,S,I,I,S,S,S,S,I,S,S,I,S,S,I,S,S,I,S,S,S
0.08,S,S,S,I,I,S,S,S,S,I,S,S,I,S,S,S,S,S,I,S,S,S
0.11,S,S,S,I,I,S,S,S,S,I,S,S,I,I,S,S,S,S,I,S,S,S
0.00,S,S,S,I,S,S,S,S,S,I,S,S,I,I,S,S,S,S,I,S,S,S
0.11,S,I,S,I,S,S,S,S,S,I,S,S,I,I,S,S,S,S,I,S,S,S
0.02,S,I,S,I,S,S,I,S,S,I,S,S,I,I,S,S,S,S,I,S,S,S
0.03,S,I,S,S,S,S,I,S,S,I,S,S,I,I,S,S,S,S,I,S,S,S
0.07,S,I,S,S,I,S,I,S,S,I,S,S,I,I,S,S,S,S,I,S,S,S
0.03,S,I,S,S,I,S,I,S,S,I,S,S,I,I,S,S,S,S,I,S,I,S
0.08,S,I,S,S,I,S,I,S,S,I,I,S,I,I,S,S,S,S,I,S,I,S
0.02,I,I,S,S,I,S,I,S,S,I,I,S,I,I,S,S,S,S,I,S,I,S
0.01,I,I,S,S,I,S,I,S,S,I,I,S,I,I,S,S,S,S,I,S,I,I
0.06,I,I,S,S,I,S,I,S,S,I,I,S,I,I,S,S,S,S,I,S,S,I
0.20,I,I,S,S,I,I,I,S,S,I,I,S,I,I,S,S,S,S,I,S,S,I
0.17,I,I,S,S,I,I,I,S,S,I,I,S,S,I,S,S,S,S,I,S,S,I
0.08,I,I,S,S,I,I,I,S,S,I,I,S,S,I,S,S,S,S,I,S,S,S
0.08,I,I,S,S,I,I,I,I,S,I,I,S,S,I,S,S,S,S,I,S,S,S
0.00,I,I,S,S,I,S,I,I,S,I,I,S,S,I,S,S,S,S,I,S,S,S
0.03,I,I,S,S,I,S,I,I,I,I,I,S,S,I,S,S,S,S,I,S,S,S
0.04,I,I,I,S,I,S,I,I,I,I,I,S,S,I,S,S,S,S,I,S,S,S
0.02,I,I,I,S,I,S,I,I,I,I,I,S,S,S,S,S,S,S,I,S,S,S
0.03,I,I,S,S,I,S,I,I,I,I,I,S,S,S,S,S,S,S,I,S,S,S
0.01,I,I,S,S,I,S,I,I,I,I,I,S,S,S,S,S,S,S,S,S,S,S
0.07,I,I,S,S,I,S,I,I,I,I,S,S,S,S,S,S,S,S,S,S,S,S
0.11,S,I,S,S,I,S,I,I,I,I,S,S,S,S,S,S,S,S,S,S,S,S
0.01,S,I,S,S,I,S,I,I,I,S,S,S,S,S,S,S,S,S,S,S,S,S
0.10,S,S,S,S,I,S,I,I,I,S,S,S,S,S,S,S,S,S,S,S,S,S
0.05,S,S,S,S,I,S,I,I,I,S,S,S,S,S,S,I,S,S,S,S,S,S
0.03,S,S,S,S,I,S,S,I,I,S,S,S,S,S,S,I,S,S,S,S,S,S
0.04,S,S,S,S,I,S,S,S,I,S,S,S,S,S,S,I,S,S,S,S,S,S
0.25,S,S,S,S,I,I,S,S,I,S,S,S,S,S,S,I,S,S,S,S,S,S
0.02,S,S,S,S,I,I,S,S,I,S,S,S,S,S,S,I,S,I,S,S,S,S
0.01,S,S,S,S,I,I,S,S,I,S,S,S,S,S,I,I,S,I,S,S,S,S
0.21,S,S,S,S,I,I,I,S,I,S,S,S,S,S,I,I,S,I,S,S,S,S
0.01,S,S,S,S,I,S,I,S,I,S,S,S,S,S,I,I,S,I,S,S,S,S
0.30,S,S,S,S,I,S,S,S,I,S,S,S,S,S,I,I,S,I,S,S,S,S
0.02,S,S,S,S,I,S,S,S,I,S,S,S,S,S,I,S,S,I,S,S,S,S
0.07,S,S,S,S,I,S,S,S,I,S,S,S,S,S,I,S,S,I,S,I,S,S
0.25,S,S,S,S,I,S,S,S,I,S,S,S,S,S,S,S,S,I,S,I,S,S
0.07,I,S,S,S,I,S,S,S,I,S,S,S,S,S,S,S,S,I,S,I,S,S
0.24,I,S,S,S,I,S,I,S,I,S,S,S,S,S,S,S,S,I,S,I,S,S
0.01,S,S,S,S,I,S,I,S,I,S,S,S,S,S,S,S,S,I,S,I,S,S
0.15,S,S,S,S,S,S,I,S,I,S,S,S,S,S,S,S,S,I,S,I,S,S
0.01,S,S,S,S,S,S,S,S,I,S,S,S,S,S,S,S,S,I,S,I,S,S
0.07,S,S,S,S,S,S,I,S,I,S,S,S,S,S,S,S,S,I,S,I,S,S
0.08,S,S,S,S,S,S,I,S,I,S,I,S,S,S,S,S,S,I,S,I,S,S
0.31,S,S,S,S,S,S,I,S,I,S,I,S,S,S,S,S,S,I,S,S,S,S
0.12,S,I,S,S,S,S,I,S,I,S,I,S,S,S,S,S,S,I,S,S,S,S
0.10,S,I,S,S,S,I,I,S,I,S,I,S,S,S,S,S,S,I,S,S,S,S
0.09,S,I,S,S,S,I,I,S,I,S,I,I,S,S,S,S,S,I,S,S,S,S
0.03,S,I,S,S,S,I,I,S,I,S,I,I,S,S,S,S,S,I,S,I,S,S
0.09,S,I,S,S,S,I,I,S,I,S,I,I,S,S,S,S,S,I,I,I,S,S
0.02,S,I,S,S,S,I,I,S,S,S,I,I,S,S,S,S,S,I,I,I,S,S
0.01,S,I,S,S,S,I,S,S,S,S,I,I,S,S,S,S,S,I,I,I,S,S
0.12,S,I,S,S,S,I,S,I,S,S,I,I,S,S,S,S,S,I,I,I,S,S
0.01,S,I,S,S,S,I,S,I,S,S,I,I,I,S,S,S,S,I,I,I,S,S
0.04,S,I,S,S,S,I,S,I,S,S,I,S,I,S,S,S,S,I,I,I,S,S
0.11,S,I,S,S,S,I,S,I,S,S,I,S,I,S,S,S,S,I,S,I,S,S
0.03,S,S,S,S,S,I,S,I,S,S,I,S,I,S,S,S,S,I,S,I,S,S
0.09,S,S,S,S,S,I,S,I,S,S,I,I,I,S,S,S,S,I,S,I,S,S
0.02,S,S,S,S,S,I,S,S,S,S,I,I,I,S,S,S,S,I,S,I,S,S
0.03,S,S,S,S,S,I,S,S,S,S,I,S,I,S,S,S,S,I,S,I,S,S
0.03,S,S,S,S,S,I,S,S,S,S,I,S,S,S,S,S,S,I,S,I,S,S
0.13,S,S,S,S,S,I,S,S,S,S,I,S,S,S,S,S,S,I,S,S,S,S
0.01,S,S,S,S,S,I,S,S,S,S,S,S,S,S,S,S,S,I,S,S,S,S
0.01,S,S,S,S,S,I,S,S,S,S,S,S,S,S,I,S,S,I,S,S,S,S
0.04,S,S,S,S,S,I,S,S,S,S,S,I,S,S,I,S,S,I,S,S,S,S
0.05,S,S,S,S,S,I,I,S,S,S,S,I,S,S,I,S,S,I,S,S,S,S
0.22,S,S,S,S,S,I,I,S,S,S,S,I,S,S,I,S,S,I,I,S,S,S
0.13,S,S,S,S,S,I,I,S,S,S,I,I,S,S,I,S,S,I,I,S,S,S
0.02,S,S,S,S,S,I,I,S,S,S,I,I,S,S,I,S,I,I,I,S,S,S
0.03,S,S,S,S,S,I,I,I,S,S,I,I,S,S,I,S,I,I,I,S,S,S
0.13,S,S,S,S,S,I,I,S,S,S,I,I,S,S,I,S,I,I,I,S,S,S
0.01,S,S,S,S,S,I,I,S,S,S,I,S,S,S,I,S,I,I,I,S,S,S
0.09,S,S,S,S,S,S,I,S,S,S,I,S,S,S,I,S,I,I,I,S,S,S
0.01,S,S,S,S,S,I,I,S,S,S,I,S,S,S,I,S,I,I,I,S,S,S
0.16,S,S,S,S,S,I,I,S,S,S,I,S,S,S,I,S,I,I,S,S,S,S
0.04,S,S,S,S,S,I,I,S,S,S,I,S,S,S,I,S,I,S,S,S,S,S
0.01,S,S,S,S,S,S,I,S,S,S,I,S,S,S,I,S,I,S,S,S,S,S
0.00,S,S,S,S,S,S,I,S,S,S,I,S,S,I,I,S,I,S,S,S,S,S
0.31,S,S,S,S,S,S,S,S,S,S,I,S,S,I,I,S,I,S,S,S,S,S
0.03,S,S,S,S,S,S,S,S,S,S,I,S,S,I,I,I,I,S,S,S,S,S
0.00,S,S,S,S,S,S,S,S,S,S,I,S,S,I,I,I,I,S,I,S,S,S
0.18,S,S,S,S,S,S,S,S,S,S,I,S,S,I,I,I,I,S,S,S,S,S
0.12,S,S,S,S,S,S,S,S,S,S,I,S,I,I,I,I,I,S,S,S,S,S
0.10,S,S,S,S,S,S,S,S,S,S,I,S,I,I,I,I,I,S,S,I,S,S
0.03,S,S,S,S,S,S,S,S,S,S,I,S,S,I,I,I,I,S,S,I,S,S
0.01,S,S,S,S,S,S,S,S,I,S,I,S,S,I,I,I,I,S,S,I,S,S
0.04,S,S,S,S,S,S,S,S,I,S,I,S,S,I,I,S,I,S,S,I,S,S
0.00,S,S,S,I,S,S,S,S,I,S,I,S,S,I,I,S,I,S,S,I,S,S
0.00,S,S,I,I,S,S,S,S,I,S,I,S,S,I,I,S,I,S,S,I,S,S
0.02,S,S,I,I,S,S,S,S,I,S,I,S,S,I,I,S,I,S,S,S,S,S
0.03,S,S,I,I,S,S,S,S,I,S,I,S,S,S,I,S,I,S,S,S,S,S
0.16,S,S,I,I,S,S,I,S,I,S,I,S,S,S,I,S,I,S,S,S,S,S
0.04,S,S,I,I,S,S,I,S,I,S,I,S,I,S,I,S,I,S,S,S,S,S
0.01,S,S,I,I,S,S,I,S,I,S,I,S,I,S,I,S,I,S,S,S,S,I
0.08,S,S,I,I,S,S,I,S,S,S,I,S,I,S,I,S,I,S,S,S,S,I
0.01,S,S,I,I,S,S,S,S,S,S,I,S,I,S,I,S,I,S,S,S,S,I
0.06,S,S,I,I,S,S,S,S,S,I,I,S,I,S,I,S,I,S,S,S,S,I
0.01,S,S,I,I,S,S,S,S,S,I,I,S,I,S,I,S,S,S,S,S,S,I
0.00,S,S,I,I,S,S,S,S,S,I,I,S,I,I,I,S,S,S,S,S,S,I
0.06,S,S,I,I,S,S,S,S,S,I,S,S,I,I,I,S,S,S,S,S,S,I
0.10,S,S,I,I,S,S,S,S,S,I,S,S,I,I,S,S,S,S,S,S,S,I
0.08,S,S,I,I,S,S,S,S,S,I,S,S,I,I,S,S,S,I,S,S,S,I
0.02,I,S,I,I,S,S,S,S,S,I,S,S,I,I,S,S,S,I,S,S,S,I
0.13,I,S,S,I,S,S,S,S,S,I,S,S,I,I,S,S,S,I,S,S,S,I
0.05,I,S,S,I,S,S,S,S,S,I,S,S,I,I,S,S,S,S,S,S,S,I
0.07,I,S,S,I,S,S,S,S,S,I,S,I,I,I,S,S,S,S,S,S,S,I
0.17,I,S,S,I,S,S,S,S,S,I,S,I,I,S,S,S,S,S,S,S,S,I
0.20,S,S,S,I,S,S,S,S,S,I,S,I,I,S,S,S,S,S,S,S,S,I
0.09,S,S,S,I,S,S,S,S,S,I,S,I,I,S,S,S,S,S,S,I,S,I
0.04,I,S,S,I,S,S,S,S,S,I,S,I,I,S,S,S,S,S,S,I,S,I
0.03,I,S,S,I,S,S,S,S,S,I,S,I,I,I,S,S,S,S,S,I,S,I
0.22,I,I,S,I,S,S,S,S,S,I,S,I,I,I,S,S,S,S,S,I,S,I
0.18,I,I,S,I,S,S,S,S,S,I,S,S,I,I,S,S,S,S,S,I,S,I
0.12,I,I,S,I,S,S,S,S,S,I,S,S,I,I,S,I,S,S,S,I,S,I
0.14,I,I,S,I,S,S,S,S,S,I,S,I,I,I,S,I,S,S,S,I,S,I
0.01,I,I,S,I,S,S,S,S,S,I,S,I,I,S,S,I,S,S,S,I,S,I
0.09,I,I,S,I,S,S,S,S,S,I,S,I,I,S,S,S,S,S,S,I,S,I
0.04,I,I,S,I,S,S,S,S,S,I,S,I,S,S,S,S,S,S,S,I,S,I
0.03,S,I,S,I,S,S,S,S,S,I,S,I,S,S,S,S,S,S,S,I,S,I
0.15,S,I,S,I,S,S,S,S,S,I,S,I,S,S,I,S,S,S,S,I,S,I
0.02,S,I,S,I,S,S,I,S,S,I,S,I,S,S,I,S,S,S,S,I,S,I
0.01,S,I,S,I,S,S,S,S,S,I,S,I,S,S,I,S,S,S,S,I,S,I
0.06,S,I,S,I,S,S,S,S,S,I,S,S,S,S,I,S,S,S,S,I,S,I
0.05,S,I,S,I,S,S,I,S,S,I,S,S,S,S,I,S,S,S,S,I,S,I
0.01,S,I,S,I,S,S,I,S,S,I,S,S,S,S,I,I,S,S,S,I,S,I
0.06,S,I,S,I,S,S,I,S,S,I,S,S,S,S,I,I,S,S,S,S,S,I
0.07,S,I,S,S,S,S,I,S,S,I,S,S,S,S,I,I,S,S,S,S,S,I
0.01,S,I,S,S,S,S,I,S,S,I,S,S,S,S,S,I,S,S,S,S,S,I
0.41,S,I,S,S,S,S,I,S,S,I,S,S,S,S,S,S,S,S,S,S,S,I
0.02,I,I,S,S,S,S,I,S,S,I,S,S,S,S,S,S,S,S,S,S,S,I
0.04,I,I,S,S,S,S,I,S,S,I,S,S,S,S,S,S,S,S,S,I,S,I
0.13,I,I,S,S,S,S,S,S,S,I,S,S,S,S,S,S,S,S,S,I,S,I
0.18,I,I,S,S,S,S,S,S,S,S,S,S,S,S,S,S,S,S,S,I,S,I
0.06,I,I,S,S,S,S,S,S,S,S,S,S,S,S,S,S,S,I,S,I,S,I
0.06,I,I,S,S,S,S,S,S,S,I,S,S,S,S,S,S,S,I,S,I,S,I
0.06,I,I,S,S,S,S,S,S,S,I,S,S,S,S,S,S,S,I,S,I,S,S
0.25,I,I,S,S,S,S,S,S,I,I,S,S,S,S,S,S,S,I,S,I,S,S
0.04,I,I,S,S,S,S,S,S,S,I,S,S,S,S,S,S,S,I,S,I,S,S
0.03,I,I,S,S,S,S,S,I,S,I,S,S,S,S,S,S,S,I,S,I,S,S
0.05,I,I,S,S,I,S,S,I,S,I,S,S,S,S,S,S,S,I,S,I,S,S
0.07,I,I,S,S,I,S,S,I,S,S,S,S,S,S,S,S,S,I,S,I,S,S
0.19,I,I,S,S,I,S,S,I,S,S,S,S,S,S,S,S,S,S,S,I,S,S
0.03,I,I,S,S,I,S,S,I,S,S,S,S,S,S,S,S,S,S,S,I,I,S
0.07,I,I,S,S,I,S,S,I,S,S,S,S,S,S,S,S,S,S,S,I,S,S
0.09,I,I,S,S,I,S,I,I,S,S,S,S,S,S,S,S,S,S,S,I,S,S
0.22,S,I,S,S,I,S,I,I,S,S,S,S,S,S,S,S,S,S,S,I,S,S
0.08,S,I,S,I,I,S,I,I,S,S,S,S,S,S,S,S,S,S,S,I,S,S
0.16,S,I,S,I,I,S,S,I,S,S,S,S,S,S,S,S,S,S,S,I,S,S
0.10,S,S,S,I,I,S,S,I,S,S,S,S,S,S,S,S,S,S,S,I,S,S
0.20,S,S,S,I,I,S,S,I,S,S,S,S,I,S,S,S,S,S,S,I,S,S
0.14,S,I,S,I,I,S,S,I,S,S,S,S,I,S,S,S,S,S,S,I,S,S
0.05,S,I,S,I,I,S,S,I,S,S,S,S,I,S,S,S,S,I,S,I,S,S
0.16,S,I,S,I,I,S,S,I,S,S,S,S,I,S,S,S,S,I,S,I,S,I
0.25,S,I,S,I,I,S,S,I,S,S,S,S,I,S,S,S,I,I,S,I,S,I
0.01,S,I,S,I,I,S,S,I,S,S,I,S,I,S,S,S,I,I,S,I,S,I
0.06,S,I,I,I,I,S,S,I,S,S,I,S,I,S,S,S,I,I,S,I,S,I
0.05,S,I,I,I,I,S,S,I,S,S,S,S,I,S,S,S,I,I,S,I,S,I
0.06,S,I,I,I,I,I,S,I,S,S,S,S,I,S,S,S,I,I,S,I,S,I
0.18,S,I,I,I,I,I,S,I,I,S,S,S,I,S,S,S,I,I,S,I,S,I
0.02,S,I,I,I,I,I,S,I,I,S,S,S,S,S,S,S,I,I,S,I,S,I
0.02,S,I,S,I,I,I,S,I,I,S,S,S,S,S,S,S,I,I,S,I,S,I
0.05,S,I,S,I,I,I,S,I,I,S,S,S,S,S,S,S,I,I,S,S,S,I
0.02,S,I,S,I,I,I,S,S,I,S,S,S,S,S,S,S,I,I,S,S,S,I
0.04,S,I,S,I,I,I,S,S,I,S,S,S,S,S,S,S,I,S,S,S,S,I
0.04,S,I,S,I,I,I,S,S,I,S,S,S,I,S,S,S,I,S,S,S,S,I
0.02,S,I,S,I,I,I,S,S,I,S,S,I,I,S,S,S,I,S,S,S,S,I
0.05,S,I,S,I,I,I,S,S,I,I,S,I,I,S,S,S,I,S,S,S,S,I
0.16,S,I,I,I,I,I,S,S,I,I,S,I,I,S,S,S,I,S,S,S,S,I
0.02,S,I,I,I,I,I,S,I,I,I,S,I,I,S,S,S,I,S,S,S,S,I
0.03,S,I,I,S,I,I,S,I,I,I,S,I,I,S,S,S,I,S,S,S,S,I
0.11,S,I,S,S,I,I,S,I,I,I,S,I,I,S,S,S,I,S,S,S,S,I
0.00,S,I,S,S,I,I,S,I,I,I,S,I,S,S,S,S,I,S,S,S,S,I
0.03,S,I,S,S,I,I,S,I,I,I,S,I,S,I,S,S,I,S,S,S,S,I
0.12,I,I,S,S,I,I,S,I,I,I,S,I,S,I,S,S,I,S,S,S,S,I
0.04,I,I,S,S,I,I,S,I,I,I,S,I,S,I,S,S,I,S,S,S,S,S
0.12,I,I,S,S,I,I,S,I,I,I,S,I,S,I,S,S,S,S,S,S,S,S
0.15,I,I,S,S,I,I,S,I,I,I,S,I,I,I,S,S,S,S,S,S,S,S
0.02,I,I,S,S,I,I,S,I,I,S,S,I,I,I,S,S,S,S,S,S,S,S
0.05,I,I,S,S,I,I,S,I,I,S,S,I,I,S,S,S,S,S,S,S,S,S
0.08,I,I,S,S,I,I,S,S,I,S,S,I,I,S,S,S,S,S,S,S,S,S
0.04,I,I,S,S,I,I,I,S,I,S,S,I,I,S,S,S,S,S,S,S,S,S
0.02,I,I,S,S,I,I,I,S,I,S,I,I,I,S,S,S,S,S,S,S,S,S
0.08,I,I,S,S,I,I,I,S,I,S,I,I,I,S,S,I,S,S,S,S,S,S
0.05,I,I,S,S,I,I,I,S,I,S,I,I,I,S,S,S,S,S,S,S,S,S
0.06,I,I,S,S,S,I,I,S,I,S,I,I,I,S,S,S,S,S,S,S,S,S
0.27,S,I,S,S,S,I,I,S,I,S,I,I,I,S,S,S,S,S,S,S,S,S
0.05,S,I,S,S,S,I,I,S,I,S,I,I,S,S,S,S,S,S,S,S,S,S
0.19,S,I,S,S,S,S,I,S,I,S,I,I,S,S,S,S,S,S,S,S,S,S
0.10,S,S,S,S,S,S,I,S,I,S,I,I,S,S,S,S,S,S,S,S,S,S
0.09,I,S,S,S,S,S,I,S,I,S,I,I,S,S,S,S,S,S,S,S,S,S
0.10,I,S,S,S,S,S,I,S,I,S,I,S,S,S,S,S,S,S,S,S,S,S
0.09,I,S,S,S,S,S,I,S,S,S,I,S,S,S,S,S,S,S,S,S,S,S
0.07,S,S,S,S,S,S,I,S,S,S,I,S,S,S,S,S,S,S,S,S,S,S
0.10,S,S,S,S,S,S,I,S,S,S,I,S,S,S,S,S,S,I,S,S,S,S
0.06,S,S,S,S,S,S,I,S,S,S,I,S,S,S,S,S,S,I,S,S,I,S
0.17,S,S,S,S,S,S,S,S,S,S,I,S,S,S,S,S,S,I,S,S,I,S
0.01,S,S,I,S,S,S,S,S,S,S,I,S,S,S,S,S,S,I,S,S,I,S
0.08,S,S,I,I,S,S,S,S,S,S,I,S,S,S,S,S,S,I,S,S,I,S
0.00,S,S,I,I,S,S,S,S,S,S,I,S,S,S,S,S,S,I,I,S,I,S
0.05,S,S,I,I,S,S,S,S,S,I,I,S,S,S,S,S,S,I,I,S,I,S
0.02,S,S,I,I,S,S,S,S,S,I,S,S,S,S,S,S,S,I,I,S,I,S
0.07,S,S,I,I,S,S,S,S,S,S,S,S,S,S,S,S,S,I,I,S,I,S
0.00,S,S,S,I,S,S,S,S,S,S,S,S,S,S,S,S,S,I,I,S,I,S
0.03,S,S,S,I,S,S,S,S,S,S,S,S,S,S,S,S,S,I,I,S,I,I
0.18,S,S,S,I,S,S,S,S,S,S,S,S,S,S,S,S,S,I,I,S,I,S
0.07,S,S,S,I,S,S,S,S,S,S,S,S,S,S,S,S,I,I,I,S,I,S
0.08,S,S,S,I,S,S,S,S,S,S,S,S,S,S,S,S,I,I,S,S,I,S
0.06,S,S,I,I,S,S,S,S,S,S,S,S,S,S,S,S,I,I,S,S,I,S
0.04,S,S,I,I,S,S,S,S,S,S,S,S,S,I,S,S,I,I,S,S,I,S
0.08,S,S,I,I,S,S,S,S,S,S,S,S,S,S,S,S,I,I,S,S,I,S
0.03,S,S,I,I,S,S,S,I,S,S,S,S,S,S,S,S,I,I,S,S,I,S
0.04,S,S,I,I,I,S,S,I,S,S,S,S,S,S,S,S,I,I,S,S,I,S
0.01,S,S,I,I,I,S,S,I,S,S,S,S,S,S,S,S,I,I,S,S,S,S
0.10,S,S,I,I,I,S,S,I,S,S,S,S,S,S,I,S,I,I,S,S,S,S
0.37,S,S,I,I,I,S,S,I,S,S,S,S,S,S,I,S,I,I,I,S,S,S
0.13,S,S,I,I,I,S,S,I,S,S,S,I,S,S,I,S,I,I,I,S,S,S
0.01,S,S,I,I,I,S,S,I,S,S,S,I,S,S,I,I,I,I,I,S,S,S
0.12,S,S,I,I,I,S,S,I,I,S,S,I,S,S,I,I,I,I,I,S,S,S
0.01,S,S,I,I,I,S,S,I,I,S,S,I,S,S,I,S,I,I,I,S,S,S
0.06,S,S,I,I,I,S,S,I,I,S,S,S,S,S,I,S,I,I,I,S,S,S
0.03,S,S,S,I,I,S,S,I,I,S,S,S,S,S,I,S,I,I,I,S,S,S
0.02,S,S,S,I,I,S,S,I,I,S,S,S,S,S,I,I,I,I,I,S,S,S
0.02,S,S,S,I,I,S,S,I,I,S,S,S,S,S,I,I,I,I,S,S,S,S
0.03,I,S,S,I,I,S,S,I,I,S,S,S,S,S,I,I,I,I,S,S,S,S
0.00,I,S,S,I,I,S,S,I,I,S,S,S,S,S,I,I,I,S,S,S,S,S
0.02,I,S,S,I,S,S,S,I,I,S,S,S,S,S,I,I,I,S,S,S,S,S
0.10,I,S,S,I,S,S,S,I,I,S,S,S,S,S,I,S,I,S,S,S,S,S
0.04,I,S,S,I,S,S,S,I,I,S,S,S,S,S,I,S,I,S,I,S,S,S
0.02,I,S,S,I,S,S,S,I,I,I,S,S,S,S,I,S,I,S,I,S,S,S
0.00,I,S,I,I,S,S,S,I,I,I,S,S,S,S,I,S,I,S,I,S,S,S
0.12,I,S,I,I,S,S,S,I,I,I,S,S,S,S,I,S,I,S,S,S,S,S
0.05,I,S,I,S,S,S,S,I,I,I,S,S,S,S,I,S,I,S,S,S,S,S
0.01,I,S,I,S,S,S,S,I,I,I,S,S,S,S,I,S,S,S,S,S,S,S
0.06,I,S,I,S,S,S,S,I,S,I,S,S,S,S,I,S,S,S,S,S,S,S
0.03,S,S,I,S,S,S,S,I,S,I,S,S,S,S,I,S,S,S,S,S,S,S
0.01,S,S,I,S,S,S,S,I,I,I,S,S,S,S,I,S,S,S,S,S,S,S
0.07,S,S,I,S,I,S,S,I,I,I,S,S,S,S,I,S,S,S,S,S,S,S
0.04,S,S,I,I,I,S,S,I,I,I,S,S,S,S,I,S,S,S,S,S,S,S
0.01,S,S,I,I,I,I,S,I,I,I,S,S,S,S,I,S,S,S,S,S,S,S
0.01,S,S,I,I,I,I,S,I,I,I,I,S,S,S,I,S,S,S,S,S,S,S
0.00,S,S,I,I,I,S,S,I,I,I,I,S,S,S,I,S,S,S,S,S,S,S
0.08,S,S,I,I,I,S,S,I,I,I,I,S,S,S,S,S,S,S,S,S,S,S
0.09,S,S,I,I,I,S,S,I,I,I,S,S,S,S,S,S,S,S,S,S,S,S
0.23,S,S,I,I,I,S,S,I,I,I,S,S,S,S,S,S,S,S,I,S,S,S
0.02,S,S,I,I,I,S,S,S,I,I,S,S,S,S,S,S,S,S,I,S,S,S
0.01,S,S,I,I,I,S,S,S,I,I,S,S,S,S,S,S,S,S,S,S,S,S
0.05,S,S,S,I,I,S,S,S,I,I,S,S,S,S,S,S,S,S,S,S,S,S
0.16,S,S,S,I,I,S,S,S,I,I,S,S,S,I,S,S,S,S,S,S,S,S
0.02,I,S,S,I,I,S,S,S,I,I,S,S,S,I,S,S,S,S,S,S,S,S
0.05,I,S,S,I,I,S,S,S,I,I,S,S,S,I,S,S,I,S,S,S,S,S
0.00,I,S,S,I,I,S,I,S,I,I,S,S,S,I,S,S,I,S,S,S,S,S
0.00,I,S,S,I,I,S,I,S,I,S,S,S,S,I,S,S,I,S,S,S,S,S
0.05,I,S,S,I,I,S,I,S,I,S,S,S,S,I,S,S,S,S,S,S,S,S
0.06,I,S,S,I,I,S,I,S,I,S,S,S,S,I,S,S,S,S,S,I,S,S
0.07,I,S,S,I,I,S,I,S,I,S,S,S,S,I,I,S,S,S,S,I,S,S
0.00,I,S,S,I,I,S,I,S,I,S,S,S,S,I,S,S,S,S,S,I,S,S
0.02,S,S,S,I,I,S,I,S,I,S,S,S,S,I,S,S,S,S,S,I,S,S
0.03,S,S,S,I,I,S,I,I,I,S,S,S,S,I,S,S,S,S,S,I,S,S
0.01,S,S,S,I,I,S,I,I,I,S,S,S,S,I,S,S,I,S,S,I,S,S
0.01,S,S,S,I,I,S,I,I,I,S,S,I,S,I,S,S,I,S,S,I,S,S
0.13,S,S,S,I,I,S,I,I,I,S,S,I,S,I,S,S,I,S,S,S,S,S
0.07,S,S,S,I,I,S,I,S,I,S,S,I,S,I,S,S,I,S,S,S,S,S
0.01,I,S,S,I,I,S,I,S,I,S,S,I,S,I,S,S,I,S,S,S,S,S
0.02,I,S,S,I,S,S,I,S,I,S,S,I,S,I,S,S,I,S,S,S,S,S
0.11,I,S,S,I,S,S,I,S,I,S,S,I,I,I,S,S,I,S,S,S,S,S
0.10,I,S,S,I,S,S,I,S,I,S,S,I,I,I,S,S,I,I,S,S,S,S
0.11,I,S,S,I,S,I,I,S,I,S,S,I,I,I,S,S,I,I,S,S,S,S
0.03,I,S,S,I,S,I,I,S,I,S,S,I,I,I,S,S,I,I,S,I,S,S
0.06,I,S,S,I,S,I,I,S,I,S,S,I,I,I,S,S,S,I,S,I,S,S
0.04,I,S,S,I,S,I,I,I,I,S,S,I,I,I,S,S,S,I,S,I,S,S
0.00,I,S,S,I,S,S,I,I,I,S,S,I,I,I,S,S,S,I,S,I,S,S
0.11,I,S,S,I,S,S,I,I,I,S,S,I,I,I,S,I,S,I,S,I,S,S
0.13,I,S,S,S,S,S,I,I,I,S,S,I,I,I,S,I,S,I,S,I,S,S
0.06,I,S,S,S,S,S,I,I,I,S,S,I,I,I,S,I,S,I,S,I,S,I
0.01,I,S,S,S,S,S,I,S,I,S,S,I,I,I,S,I,S,I,S,I,S,I
0.09,I,I,S,S,S,S,I,S,I,S,S,I,I,I,S,I,S,I,S,I,S,I
0.06,I,I,S,S,S,S,I,S,I,S,S,I,I,I,S,I,S,S,S,I,S,I
0.02,I,I,S,S,S,S,I,S,I,S,S,I,I,S,S,I,S,S,S,I,S,I
0.04,I,I,S,S,S,S,I,S,I,S,S,I,I,S,S,I,S,S,S,I,S,S
0.08,I,I,S,S,S,S,I,S,I,S,S,I,I,S,S,I,S,S,S,I,I,S
0.02,I,I,S,S,S,S,I,S,I,S,S,I,I,S,S,I,S,S,S,I,S,S
0.08,I,I,S,S,S,S,I,S,S,S,S,I,I,S,S,I,S,S,S,I,S,S
0.03,S,I,S,S,S,S,I,S,S,S,S,I,I,S,S,I,S,S,S,I,S,S
0.09,S,I,S,S,S,S,I,S,S,S,S,I,I,S,S,S,S,S,S,I,S,S
0.05,S,I,S,S,S,S,I,S,S,S,S,I,I,S,S,S,S,S,S,I,S,I
0.01,S,I,S,S,S,S,I,S,S,I,S,I,I,S,S,S,S,S,S,I,S,I
0.03,S,I,S,S,S,S,I,S,S,I,S,I,I,S,S,S,I,S,S,I,S,I
0.15,S,I,I,S,S,S,I,S,S,I,S,I,I,S,S,S,I,S,S,I,S,I
0.20,S,I,I,S,S,S,I,S,S,I,S,I,I,S,S,I,I,S,S,I,S,I
0.02,S,I,I,S,S,S,I,S,S,I,S,I,I,S,S,I,I,S,I,I,S,I
0.04,S,I,I,S,S,S,I,S,S,I,S,S,I,S,S,I,I,S,I,I,S,I
0.14,S,I,I,S,S,S,I,S,S,I,S,S,I,S,S,I,I,S,I,S,S,I
0.13,S,I,I,S,S,S,I,S,S,I,S,S,I,S,S,I,I,S,I,S,I,I
0.03,S,I,I,S,S,S,I,S,S,I,S,S,I,S,S,I,I,S,I,I,I,I
0.04,S,I,S,S,S,S,I,S,S,I,S,S,I,S,S,I,I,S,I,I,I,I
0.02,S,I,S,S,S,S,I,S,S,I,S,S,I,S,S,S,I,S,I,I,I,I
0.17,S,I,S,S,S,S,I,S,S,I,I,S,I,S,S,S,I,S,I,I,I,I
0.05,S,I,I,S,S,S,I,S,S,I,I,S,I,S,S,S,I,S,I,I,I,I
0.02,I,I,I,S,S,S,I,S,S,I,I,S,I,S,S,S,I,S,I,I,I,I
0.23,I,I,I,S,S,S,I,S,S,I,I,S,I,S,S,S,I,S,I,S,I,I
0.05,S,I,I,S,S,S,I,S,S,I,I,S,I,S,S,S,I,S,I,S,I,I
0.07,S,S,I,S,S,S,I,S,S,I,I,S,I,S,S,S,I,S,I,S,I,I
0.04,S,S,I,S,S,S,I,S,S,I,I,S,I,S,I,S,I,S,I,S,I,I
0.04,S,S,I,S,S,S,I,S,S,I,I,S,I,S,S,S,I,S,I,S,I,I
0.04,S,S,I,S,I,S,I,S,S,I,I,S,I,S,S,S,I,S,I,S,I,I
0.30,S,S,I,S,I,S,I,S,S,I,I,S,I,S,S,S,I,S,I,S,S,I
0.00,S,S,I,S,I,S,I,S,S,I,I,S,S,S,S,S,I,S,I,S,S,I
0.09,S,S,I,S,I,S,S,S,S,I,I,S,S,S,S,S,I,S,I,S,S,I
0.25,S,S,I,S,I,S,S,S,S,I,I,S,S,S,I,S,I,S,I,S,S,I
0.01,S,S,I,S,I,S,S,S,S,I,I,S,S,I,I,S,I,S,I,S,S,I
0.12,S,S,I,S,I,S,S,I,S,I,I,S,S,I,I,S,I,S,I,S,S,I
0.05,S,S,I,S,I,S,S,I,S,I,I,S,S,I,I,S,I,S,S,S,S,I
0.00,S,I,I,S,I,S,S,I,S,I,I,S,S,I,I,S,I,S,S,S,S,I
0.10,S,I,I,S,I,S,S,S,S,I,I,S,S,I,I,S,I,S,S,S,S,I
0.03,S,I,I,S,I,S,S,S,S,I,S,S,S,I,I,S,I,S,S,S,S,I
0.13,S,I,I,S,I,S,S,S,S,I,S,S,S,I,I,S,I,S,I,S,S,I
0.01,S,I,I,S,I,S,S,S,S,I,S,S,S,I,I,S,I,S,I,S,S,S
0.03,S,I,I,S,I,S,S,S,S,I,S,S,S,I,I,S,I,S,S,S,S,S
0.04,S,I,I,S,I,S,S,S,I,I,S,S,S,I,I,S,I,S,S,S,S,S
0.06,S,I,I,S,S,S,S,S,I,I,S,S,S,I,I,S,I,S,S,S,S,S
0.05,S,I,I,S,S,S,S,S,I,I,S,S,I,I,I,S,I,S,S,S,S,S
0.09,S,I,S,S,S,S,S,S,I,I,S,S,I,I,I,S,I,S,S,S,S,S
0.08,S,I,S,S,S,S,S,S,I,I,S,S,I,I,I,I,I,S,S,S,S,S
0.06,S,I,S,S,S,S,S,S,I,I,S,S,S,I,I,I,I,S,S,S,S,S
0.20,S,I,S,S,S,S,S,S,I,I,S,S,S,I,I,S,I,S,S,S,S,S
0.04,S,I,S,S,S,S,S,S,I,I,S,S,S,I,I,S,I,S,S,S,S,I
0.01,I,I,S,S,S,S,S,S,I,I,S,S,S,I,I,S,I,S,S,S,S,I
0.13,I,I,S,S,S,S,S,S,I,S,S,S,S,I,I,S,I,S,S,S,S,I
0.01,I,I,S,S,S,S,S,S,I,S,S,S,S,I,I,S,I,I,S,S,S,I
0.03,I,I,S,S,S,S,I,S,I,S,S,S,S,I,I,S,I,I,S,S,S,I
0.02,I,S,S,S,S,S,I,S,I,S,S,S,S,I,I,S,I,I,S,S,S,I
0.01,I,S,S,S,S,S,I,S,I,S,S,S,S,I,I,S,I,I,S,S,S,S
0.09,I,S,S,S,S,S,I,S,I,S,S,S,S,I,I,S,I,I,S,S,I,S
0.09,I,S,S,S,S,S,I,S,I,S,S,S,S,I,I,S,I,I,S,S,I,I
0.02,I,S,S,S,S,S,I,S,I,S,S,S,S,I,I,S,I,I,S,I,I,I
0.24,I,S,S,S,S,S,I,S,S,S,S,S,S,I,I,S,I,I,S,I,I,I
0.03,I,S,S,S,S,S,I,S,S,S,S,S,S,I,I,I,I,I,S,I,I,I
0.01,I,S,S,S,S,S,I,S,S,S,S,S,S,I,I,I,I,I,S,I,S,I
0.08,I,S,I,S,S,S,I,S,S,S,S,S,S,I,I,I,I,I,S,I,S,I
0.04,I,S,I,S,S,S,I,S,S,S,S,S,S,I,S,I,I,I,S,I,S,I
0.09,I,S,I,S,S,S,I,S,S,S,S,S,S,I,S,I,I,I,S,I,I,I
0.04,I,S,I,S,S,S,I,S,S,S,S,S,S,S,S,I,I,I,S,I,I,I
0.05,I,S,I,S,S,S,I,S,S,I,S,S,S,S,S,I,I,I,S,I,I,I
0.09,I,S,I,S,S,S,I,S,S,I,S,S,S,S,S,S,I,I,S,I,I,I
0.10,I,S,I,S,S,S,I,S,S,I,S,S,S,S,S,S,I,I,I,I,I,I
0.07,S,S,I,S,S,S,I,S,S,I,S,S,S,S,S,S,I,I,I,I,I,I
0.02,S,S,I,S,S,S,I,S,S,I,S,S,S,S,S,S,I,I,I,I,I,S
0.03,S,S,I,I,S,S,I,S,S,I,S,S,S,S,S,S,I,I,I,I,I,S
0.07,S,S,I,I,S,S,I,S,S,S,S,S,S,S,S,S,I,I,I,I,I,S
0.04,S,S,S,I,S,S,I,S,S,S,S,S,S,S,S,S,I,I,I,I,I,S
0.01,S,S,S,I,S,S,I,S,S,S,S,S,S,S,S,S,I,I,I,S,I,S
0.01,S,S,S,I,S,S,I,S,S,S,S,S,I,S,S,S,I,I,I,S,I,S
0.19,S,S,S,S,S,S,I,S,S,S,S,S,I,S,S,S,I,I,I,S,I,S
0.03,S,S,S,S,S,S,I,S,S,S,S,S,I,S,S,S,S,I,I,S,I,S
0.01,S,S,S,S,S,S,I,S,S,S,S,S,I,S,S,S,S,I,I,S,I,I
0.14,S,S,S,S,S,S,I,S,S,S,S,S,I,S,S,S,S,I,I,S,S,I
0.02,S,S,S,S,S,S,I,S,S,I,S,S,I,S,S,S,S,I,I,S,S,I
0.08,S,S,S,S,S,S,I,S,S,I,S,S,I,S,S,I,S,I,I,S,S,I
0.03,S,S,S,S,S,S,I,S,S,S,S,S,I,S,S,I,S,I,I,S,S,I
0.06,S,S,S,I,S,S,I,S,S,S,S,S,I,S,S,I,S,I,I,S,S,I
0.03,S,S,S,I,S,S,I,S,S,S,S,S,I,S,S,I,S,S,I,S,S,I
0.06,S,S,S,I,I,S,I,S,S,S,S,S,I,S,S,I,S,S,I,S,S,I
0.10,S,S,S,I,I,S,I,S,S,S,S,S,I,S,S,I,S,S,I,S,S,S
0.13,S,S,S,I,S,S,I,S,S,S,S,S,I,S,S,I,S,S,I,S,S,S
0.01,S,S,S,I,S,S,I,S,S,S,I,S,I,S,S,I,S,S,I,S,S,S
0.04,I,S,S,I,S,S,I,S,S,S,I,S,I,S,S,I,S,S,I,S,S,S
0.03,I,S,S,I,I,S,I,S,S,S,I,S,I,S,S,I,S,S,I,S,S,S
0.12,I,S,S,I,I,S,I,S,S,S,I,S,I,S,S,I,S,S,I,I,S,S
0.01,I,S,S,I,I,I,I,S,S,S,I,S,I,S,S,I,S,S,I,I,S,S
0.01,I,S,S,I,I,I,I,S,S,S,I,S,I,S,S,I,S,I,I,I,S,S
0.07,I,S,S,I,I,I,I,I,S,S,I,S,I,S,S,I,S,I,I,I,S,S
0.01,I,S,S,I,I,S,I,I,S,S,I,S,I,S,S,I,S,I,I,I,S,S
0.04,I,S,S,I,I,S,I,I,I,S,I,S,I,S,S,I,S,I,I,I,S,S
0.03,I,S,S,I,I,S,I,S,I,S,I,S,I,S,S,I,S,I,I,I,S,S
0.09,I,S,S,I,I,S,S,S,I,S,I,S,I,S,S,I,S,I,I,I,S,S
0.01,I,S,S,I,I,S,S,S,I,S,I,S,I,S,S,I,S,I,I,S,S,S
0.04,I,S,S,I,I,S,S,S,I,S,I,S,I,S,S,I,S,I,I,S,S,I
0.14,I,S,S,I,I,S,S,S,I,S,I,S,I,S,S,I,I,I,I,S,S,I
0.03,S,S,S,I,I,S,S,S,I,S,I,S,I,S,S,I,I,I,I,S,S,I
0.03,S,S,S,I,I,S,S,S,I,S,I,S,I,S,S,I,I,I,I,S,I,I
0.04,S,S,S,I,I,S,S,I,I,S,I,S,I,S,S,I,I,I,I,S,I,I
0.19,S,S,S,I,I,S,S,I,I,S,I,I,I,S,S,I,I,I,I,S,I,I
0.06,S,S,S,I,I,S,S,I,S,S,I,I,I,S,S,I,I,I,I,S,I,I
0.06,S,S,S,I,I,I,S,I,S,S,I,I,I,S,S,I,I,I,I,S,I,I
0.05,S,S,S,I,I,I,S,I,S,S,I,I,I,S,S,S,I,I,I,S,I,I
0.07,S,S,S,I,I,I,S,I,S,S,I,I,I,S,S,S,I,I,I,S,I,S
0.16,S,S,S,I,I,I,S,I,S,S,I,I,I,S,S,S,I,I,S,S,I,S
0.02,S,S,S,I,I,S,S,I,S,S,I,I,I,S,S,S,I,I,S,S,I,S
0.03,S,S,S,S,I,S,S,I,S,S,I,I,I,S,S,S,I,I,S,S,I,S
0.05,S,S,S,S,I,S,I,I,S,S,I,I,I,S,S,S,I,I,S,S,I,S
0.01,S,S,S,S,I,S,I,I,S,S,I,I,I,S,S,S,I,I,I,S,I,S
0.06,S,S,S,S,I,S,I,I,S,S,I,I,I,S,S,S,I,I,S,S,I,S
0.02,S,S,S,S,I,S,I,I,S,S,I,I,S,S,S,S,I,I,S,S,I,S
0.23,S,S,S,S,I,S,I,S,S,S,I,I,S,S,S,S,I,I,S,S,I,S
0.12,S,S,S,S,I,S,I,S,S,S,I,I,S,S,S,S,I,I,S,I,I,S
0.30,S,S,S,S,I,S,S,S,S,S,I,I,S,S,S,S,I,I,S,I,I,S
0.04,S,S,S,S,I,S,S,S,S,S,S,I,S,S,S,S,I,I,S,I,I,S
0.10,S,S,S,S,I,S,S,I,S,S,S,I,S,S,S,S,I,I,S,I,I,S
0.12,S,S,S,S,I,S,S,I,I,S,S,I,S,S,S,S,I,I,S,I,I,S
0.03,S,S,S,S,S,S,S,I,I,S,S,I,S,S,S,S,I,I,S,I,I,S
0.04,S,S,S,S,S,S,S,I,I,S,S,I,S,S,S,S,S,I,S,I,I,S
0.05,S,S,S,S,S,S,S,I,S,S,S,I,S,S,S,S,S,I,S,I,I,S
0.06,S,S,S,S,S,S,S,I,S,S,S,S,S,S,S,S,S,I,S,I,I,S
0.05,S,I,S,S,S,S,S,I,S,S,S,S,S,S,S,S,S,I,S,I,I,S
0.03,S,I,S,S,S,S,S,I,S,S,S,S,S,S,S,S,S,I,S,I,S,S
0.06,S,I,S,S,S,S,S,I,S,S,S,S,S,S,S,S,I,I,S,I,S,S
0.01,I,I,S,S,S,S,S,I,S,S,S,S,S,S,S,S,I,I,S,I,S,S
0.16,I,I,S,S,S,S,S,I,S,S,S,S,S,S,S,S,I,S,S,I,S,S
0.16,I,I,S,S,S,S,S,I,S,S,S,S,S,I,S,S,I,S,S,I,S,S
0.24,I,I,S,S,S,S,S,I,S,S,S,S,S,I,S,S,I,S,S,I,S,I
0.03,I,I,S,S,S,S,S,I,S,S,S,I,S,I,S,S,I,S,S,I,S,I
0.25,I,I,S,S,S,S,S,I,S,S,S,I,S,I,S,S,I,S,S,I,S,S
0.16,I,I,S,S,S,S,S,I,S,S,S,I,S,I,I,S,I,S,S,I,S,S
0.07,I,I,S,S,S,S,S,I,S,S,S,I,S,I,I,S,I,S,S,I,S,I
0.00,I,I,S,S,S,S,S,I,S,I,S,I,S,I,I,S,I,S,S,I,S,I
0.03,I,I,S,I,S,S,S,I,S,I,S,I,S,I,I,S,I,S,S,I,S,I
0.05,I,S,S,I,S,S,S,I,S,I,S,I,S,I,I,S,I,S,S,I,S,I
0.07,I,S,S,I,S,S,S,I,S,I,S,I,S,I,I,S,I,S,S,S,S,I
0.01,I,S,S,I,S,I,S,I,S,I,S,I,S,I,I,S,I,S,S,S,S,I
0.07,I,S,S,I,S,I,S,I,S,I,S,I,S,I,I,I,I,S,S,S,S,I
0.03,I,S,S,I,S,I,S,I,S,I,S,I,S,I,I,I,S,S,S,S,S,I
0.11,I,S,S,I,S,I,S,I,S,I,S,I,S,I,I,I,S,S,S,S,I,I
0.05,S,S,S,I,S,I,S,I,S,I,S,I,S,I,I,I,S,S,S,S,I,I
0.18,S,I,S,I,S,I,S,I,S,I,S,I,S,I,I,I,S,S,S,S,I,I
0.03,S,I,S,I,S,I,S,I,S,I,S,I,I,I,I,I,S,S,S,S,I,I
0.05,S,I,S,S,S,I,S,I,S,I,S,I,I,I,I,I,S,S,S,S,I,I
0.07,S,I,S,S,S,I,S,I,S,I,S,I,I,S,I,I,S,S,S,S,I,I
0.03,S,I,S,S,S,I,S,I,S,I,S,I,I,S,I,I,S,S,S,S,I,S
0.06,S,I,S,S,S,I,S,I,S,I,S,I,I,S,I,I,S,S,S,S,S,S
0.02,S,I,S,S,S,I,S,I,S,I,S,I,I,S,I,I,S,S,S,S,S,I
0.10,S,I,S,S,S,I,S,I,S,I,S,I,I,S,I,I,S,S,S,S,S,S
0.04,S,S,S,S,S,I,S,I,S,I,S,I,I,S,I,I,S,S,S,S,S,S
0.04,S,S,S,S,S,I,S,I,S,S,S,I,I,S,I,I,S,S,S,S,S,S
0.08,S,I,S,S,S,I,S,I,S,S,S,I,I,S,I,I,S,S,S,S,S,S
0.01,S,I,S,S,S,I,S,I,S,S,S,I,I,S,I,I,I,S,S,S,S,S
0.07,S,I,S,S,S,S,S,I,S,S,S,I,I,S,I,I,I,S,S,S,S,S
0.09,S,I,S,S,S,S,S,I,S,S,S,I,I,S,I,S,I,S,S,S,S,S
0.06,S,S,S,S,S,S,S,I,S,S,S,I,I,S,I,S,I,S,S,S,S,S
0.03,S,S,S,S,S,S,S,I,S,S,I,I,I,S,I,S,I,S,S,S,S,S
0.02,S,S,S,S,S,S,S,I,S,S,I,I,S,S,I,S,I,S,S,S,S,S
0.01,S,S,S,S,S,S,S,I,S,S,I,S,S,S,I,S,I,S,S,S,S,S
0.06,S,I,S,S,S,S,S,I,S,S,I,S,S,S,I,S,I,S,S,S,S,S
0.08,S,I,S,S,S,S,S,I,S,S,I,S,S,S,S,S,I,S,S,S,S,S
0.23,S,S,S,S,S,S,S,I,S,S,I,S,S,S,S,S,I,S,S,S,S,S
0.19,S,I,S,S,S,S,S,I,S,S,I,S,S,S,S,S,I,S,S,S,S,S
0.02,I,I,S,S,S,S,S,I,S,S,I,S,S,S,S,S,I,S,S,S,S,S
0.08,I,S,S,S,S,S,S,I,S,S,I,S,S,S,S,S,I,S,S,S,S,S
0.02,I,S,S,S,S,S,S,I,S,S,I,S,S,S,S,S,I,S,S,I,S,S
0.07,I,S,S,S,S,S,S,I,S,S,S,S,S,S,S,S,I,S,S,I,S,S
0.00,I,S,S,S,S,S,S,I,S,S,S,S,S,S,S,S,I,S,S,I,I,S
0.00,I,S,S,S,S,S,S,S,S,S,S,S,S,S,S,S,I,S,S,I,I,S
0.05,I,S,S,S,S,S,S,S,S,S,S,S,I,S,S,S,I,S,S,I,I,S
0.14,I,S,S,S,S,S,S,S,S,I,S,S,I,S,S,S,I,S,S,I,I,S
0.08,I,S,S,S,S,S,S,S,S,S,S,S,I,S,S,S,I,S,S,I,I,S
0.34,I,S,S,S,S,S,S,S,S,S,S,S,I,I,S,S,I,S,S,I,I,S
0.20,I,S,S,S,S,S,S,S,S,S,S,S,I,I,S,S,I,S,S,S,I,S
0.02,I,S,S,S,S,S,S,S,S,S,S,S,I,I,S,S,I,S,S,S,S,S
0.04,I,S,S,S,S,S,S,S,S,I,S,S,I,I,S,S,I,S,S,S,S,S
0.19,I,S,S,S,S,S,S,I,S,I,S,S,I,I,S,S,I,S,S,S,S,S
0.33,I,S,S,S,S,S,S,I,S,I,S,S,S,I,S,S,I,S,S,S,S,S
0.31,I,S,S,I,S,S,S,I,S,I,S,S,S,I,S,S,I,S,S,S,S,S
0.20,I,S,S,I,S,S,S,I,S,S,S,S,S,I,S,S,I,S,S,S,S,S
0.22,I,S,S,I,S,S,S,I,S,S,S,S,S,I,S,S,I,S,S,I,S,S
0.19,I,S,S,I,I,S,S,I,S,S,S,S,S,I,S,S,I,S,S,I,S,S
0.02,I,S,S,I,I,S,S,I,S,S,S,S,S,I,S,I,I,S,S,I,S,S
0.04,I,S,S,I,I,S,S,I,S,S,S,S,S,I,S,I,I,S,I,I,S,S
0.01,I,S,S,I,S,S,S,I,S,S,S,S,S,I,S,I,I,S,I,I,S,S
0.00,I,S,S,I,S,S,S,I,S,S,S,S,S,I,S,S,I,S,I,I,S,S
0.03,I,S,S,I,S,S,S,I,S,S,S,S,S,I,S,S,I,S,I,I,S,I
0.12,I,S,S,I,S,S,I,I,S,S,S,S,S,I,S,S,I,S,I,I,S,I
0.03,I,S,S,I,S,S,I,I,S,I,S,S,S,I,S,S,I,S,I,I,S,I
0.02,I,S,S,S,S,S,I,I,S,I,S,S,S,I,S,S,I,S,I,I,S,I
0.02,I,S,S,S,S,S,I,I,S,S,S,S,S,I,S,S,I,S,I,I,S,I
0.06,I,S,S,S,S,S,I,I,S,S,S,S,S,S,S,S,I,S,I,I,S,I
0.12,I,S,I,S,S,S,I,I,S,S,S,S,S,S,S,S,I,S,I,I,S,I
0.10,I,S,I,S,S,S,I,I,S,S,S,S,S,S,S,S,S,S,I,I,S,I
0.04,I,S,I,S,S,S,I,I,S,I,S,S,S,S,S,S,S,S,I,I,S,I
0.00,I,S,I,S,S,S,S,I,S,I,S,S,S,S,S,S,S,S,I,I,S,I
0.03,I,S,I,S,S,S,S,S,S,I,S,S,S,S,S,S,S,S,I,I,S,I
0.22,I,S,I,S,S,S,S,S,I,I,S,S,S,S,S,S,S,S,I,I,S,I
0.15,I,S,I,S,S,S,S,S,S,I,S,S,S,S,S,S,S,S,I,I,S,I
0.03,I,S,I,S,S,S,S,S,S,I,S,S,S,S,S,S,S,S,S,I,S,I
0.05,I,S,I,S,S,S,S,S,S,I,S,S,S,S,S,S,I,S,S,I,S,I
0.07,S,S,I,S,S,S,S,S,S,I,S,S,S,S,S,S,I,S,S,I,S,I
0.09,I,S,I,S,S,S,S,S,S,I,S,S,S,S,S,S,I,S,S,I,S,I
0.19,I,S,I,S,S,S,I,S,S,I,S,S,S,S,S,S,I,S,S,I,S,I
0.02,I,S,I,S,S,S,I,S,S,I,S,S,S,S,S,S,S,S,S,I,S,I
0.06,S,S,I,S,S,S,I,S,S,I,S,S,S,S,S,S,S,S,S,I,S,I
0.02,S,S,I,S,S,S,I,S,S,I,S,S,S,S,S,S,I,S,S,I,S,I
0.08,S,S,I,S,S,S,I,S,S,I,S,S,S,S,S,S,I,S,S,S,S,I
0.00,S,S,I,S,S,S,I,S,S,I,S,S,S,S,S,S,I,S,I,S,S,I
0.01,S,S,I,S,S,S,I,S,S,I,S,S,S,S,S,S,I,S,I,S,I,I
0.18,S,S,I,S,S,S,I,S,S,I,S,I,S,S,S,S,I,S,I,S,I,I
0.10,S,S,I,S,S,S,I,S,S,I,S,S,S,S,S,S,I,S,I,S,I,I
0.02,S,S,I,S,S,S,I,S,S,I,S,S,S,S,I,S,I,S,I,S,I,I
0.02,S,S,I,I,S,S,I,S,S,I,S,S,S,S,I,S,I,S,I,S,I,I
0.21,S,S,S,I,S,S,I,S,S,I,S,S,S,S,I,S,I,S,I,S,I,I
0.09,S,S,S,I,S,S,I,S,S,I,S,S,S,S,I,S,I,S,S,S,I,I
0.10,S,S,S,I,S,S,I,S,S,S,S,S,S,S,I,S,I,S,S,S,I,I
0.01,S,S,S,I,S,S,I,S,S,S,S,S,S,S,I,S,I,S,I,S,I,I
0.01,S,S,S,I,S,S,I,S,S,S,S,S,S,S,I,I,I,S,I,S,I,I
0.05,S,S,S,I,S,S,I,S,S,S,S,S,S,I,I,I,I,S,I,S,I,I
0.07,S,S,S,I,S,S,S,S,S,S,S,S,S,I,I,I,I,S,I,S,I,I
0.11,S,S,S,I,S,S,S,S,I,S,S,S,S,I,I,I,I,S,I,S,I,I
0.02,S,S,S,I,S,I,S,S,I,S,S,S,S,I,I,I,I,S,I,S,I,I
0.22,S,S,S,I,S,S,S,S,I,S,S,S,S,I,I,I,I,S,I,S,I,I
0.01,S,S,S,I,S,S,S,S,S,S,S,S,S,I,I,I,I,S,I,S,I,I
0.02,S,S,S,I,S,S,S,S,S,S,S,S,S,I,I,I,I,S,I,S,S,I
0.17,S,S,S,I,S,S,S,I,S,S,S,S,S,I,I,I,I,S,I,S,S,I
0.11,S,S,S,S,S,S,S,I,S,S,S,S,S,I,I,I,I,S,I,S,S,I
0.01,S,S,S,S,S,S,S,I,S,S,S,S,S,I,I,I,S,S,I,S,S,I
0.10,S,S,S,S,S,S,S,I,S,S,I,S,S,I,I,I,S,S,I,S,S,I
0.00,S,S,S,S,S,S,S,I,S,S,I,S,S,I,I,I,S,S,I,I,S,I
0.12,I,S,S,S,S,S,S,I,S,S,I,S,S,I,I,I,S,S,I,I,S,I
0.02,S,S,S,S,S,S,S,I,S,S,I,S,S,I,I,I,S,S,I,I,S,I
0.01,S,S,S,S,S,S,S,I,S,S,I,S,I,I,I,I,S,S,I,I,S,I
0.07,S,S,S,S,S,S,S,I,S,S,I,S,I,I,I,I,S,I,I,I,S,I
0.04,S,S,S,I,S,S,S,I,S,S,I,S,I,I,I,I,S,I,I,I,S,I
0.02,S,S,S,I,I,S,S,I,S,S,I,S,I,I,I,I,S,I,I,I,S,I
0.18,S,S,S,I,I,S,S,S,S,S,I,S,I,I,I,I,S,I,I,I,S,I
0.03,S,S,S,I,I,S,S,S,S,S,I,S,I,I,I,S,S,I,I,I,S,I
0.01,S,I,S,I,I,S,S,S,S,S,I,S,I,I,I,S,S,I,I,I,S,I
0.03,S,I,S,S,I,S,S,S,S,S,I,S,I,I,I,S,S,I,I,I,S,I
0.00,S,I,S,S,I,S,S,S,S,S,I,S,I,I,I,S,S,I,S,I,S,I
0.09,S,I,S,S,I,S,S,S,S,S,I,I,I,I,I,S,S,I,S,I,S,I
0.07,S,I,S,S,S,S,S,S,S,S,I,I,I,I,I,S,S,I,S,I,S,I
0.03,S,I,S,S,S,S,S,S,S,S,I,I,S,I,I,S,S,I,S,I,S,I
0.05,S,I,S,I,S,S,S,S,S,S,I,I,S,I,I,S,S,I,S,I,S,I
0.20,S,S,S,I,S,S,S,S,S,S,I,I,S,I,I,S,S,I,S,I,S,I
0.01,S,S,S,I,S,S,S,S,S,S,I,I,S,I,I,S,S,I,S,S,S,I
0.04,S,S,S,S,S,S,S,S,S,S,I,I,S,I,I,S,S,I,S,S,S,I
0.01,S,S,S,S,S,S,S,S,S,I,I,I,S,I,I,S,S,I,S,S,S,I
0.07,S,S,S,S,S,S,S,S,S,I,S,I,S,I,I,S,S,I,S,S,S,I
0.02,S,S,I,S,S,S,S,S,S,I,S,I,S,I,I,S,S,I,S,S,S,I
0.05,S,S,I,S,S,S,S,S,S,I,S,I,S,I,I,I,S,I,S,S,S,I
0.04,S,S,I,S,S,S,S,S,S,I,S,I,S,I,I,S,S,I,S,S,S,I
0.09,S,S,I,S,S,S,S,S,S,I,S,I,S,I,S,S,S,I,S,S,S,I
0.00,S,S,I,S,I,S,S,S,S,I,S,I,S,I,S,S,S,I,S,S,S,I
0.02,I,S,I,S,I,S,S,S,S,I,S,I,S,I,S,S,S,I,S,S,S,I
0.01,I,S,I,S,I,S,S,S,S,I,S,I,S,I,S,S,S,I,S,I,S,I
0.02,I,S,I,S,S,S,S,S,S,I,S,I,S,I,S,S,S,I,S,I,S,I
0.07,I,S,I,S,S,S,S,S,S,I,S,I,S,I,S,S,S,S,S,I,S,I
0.03,I,S,I,S,S,S,S,S,S,S,S,I,S,I,S,S,S,S,S,I,S,I
0.01,I,S,I,S,S,S,S,S,S,S,S,I,S,I,S,S,S,I,S,I,S,I
0.05,I,S,I,S,S,S,S,S,S,S,S,S,S,I,S,S,S,I,S,I,S,I
0.03,S,S,I,S,S,S,S,S,S,S,S,S,S,I,S,S,S,I,S,I,S,I
0.06,S,S,I,S,S,S,S,S,S,S,S,S,S,I,S,S,S,I,S,I,I,I
0.05,S,S,I,S,S,S,S,S,S,S,S,S,S,I,S,S,S,I,S,I,S,I
0.02,S,S,I,S,S,S,S,S,S,S,S,I,S,I,S,S,S,I,S,I,S,I
0.09,S,S,I,S,S,S,S,S,S,S,S,S,S,I,S,S,S,I,S,I,S,I
0.03,S,S,I,S,S,S,S,S,S,S,I,S,S,I,S,S,S,I,S,I,S,I
0.17,S,S,I,S,S,S,S,S,S,S,I,S,S,I,S,S,S,I,I,I,S,I
0.02,S,S,I,S,S,S,I,S,S,S,I,S,S,I,S,S,S,I,I,I,S,I
0.08,S,S,I,S,S,S,I,S,S,S,I,S,S,S,S,S,S,I,I,I,S,I
0.09,S,S,I,S,S,S,I,S,S,S,I,S,S,S,S,S,S,I,I,I,I,I
0.05,S,S,I,S,S,S,I,S,I,S,I,S,S,S,S,S,S,I,I,I,I,I
0.00,S,S,I,S,S,S,I,S,I,S,I,S,S,S,S,S,S,I,I,S,I,I
0.09,I,S,I,S,S,S,I,S,I,S,I,S,S,S,S,S,S,I,I,S,I,I
0.10,I,S,I,S,S,S,I,S,S,S,I,S,S,S,S,S,S,I,I,S,I,I
0.01,I,S,I,S,S,S,I,S,S,S,S,S,S,S,S,S,S,I,I,S,I,I
0.09,I,I,I,S,S,S,I,S,S,S,S,S,S,S,S,S,S,I,I,S,I,I
0.05,I,I,I,S,S,S,I,S,S,S,S,S,S,S,I,S,S,I,I,S,I,I
0.23,I,I,I,S,S,S,I,S,S,S,S,S,S,S,I,S,S,I,I,S,S,I
0.04,I,I,I,S,S,S,I,S,S,S,S,S,I,S,I,S,S,I,I,S,S,I
0.05,I,I,I,S,S,S,I,S,S,S,S,S,S,S,I,S,S,I,I,S,S,I
0.01,I,I,I,S,S,I,I,S,S,S,S,S,S,S,I,S,S,I,I,S,S,I
0.22,I,I,I,S,S,I,I,S,S,S,S,I,S,S,I,S,S,I,I,S,S,I
0.00,I,I,I,S,S,I,I,S,S,S,S,I,S,S,I,S,S,I,I,S,S,S
0.02,I,I,I,S,S,I,I,S,I,S,S,I,S,S,I,S,S,I,I,S,S,S
0.01,I,I,I,S,S,I,I,S,I,S,S,I,S,S,I,S,S,I,I,S,S,I
0.01,I,S,I,S,S,I,I,S,I,S,S,I,S,S,I,S,S,I,I,S,S,I
0.23,I,S,I,S,S,I,I,S,I,S,S,I,S,S,I,S,S,I,S,S,S,I
0.00,I,S,S,S,S,I,I,S,I,S,S,I,S,S,I,S,S,I,S,S,S,I
0.02,I,S,S,S,S,I,I,S,I,S,S,I,S,S,I,S,S,I,I,S,S,I
0.01,I,S,S,S,S,I,I,S,I,S,S,I,S,S,I,S,S,I,I,S,S,S
0.09,I,S,S,I,S,I,I,S,I,S,S,I,S,S,I,S,S,I,I,S,S,S
0.03,I,S,S,I,S,I,I,S,I,S,S,I,I,S,I,S,S,I,I,S,S,S
0.24,I,S,S,I,S,I,I,S,I,S,S,I,I,S,S,S,S,I,I,S,S,S
0.01,I,S,S,I,S,I,I,S,I,S,S,S,I,S,S,S,S,I,I,S,S,S
0.19,I,S,I,I,S,I,I,S,I,S,S,S,I,S,S,S,S,I,I,S,S,S
0.15,I,S,I,I,S,I,I,S,I,S,S,S,S,S,S,S,S,I,I,S,S,S
0.00,I,S,I,I,S,I,I,S,I,S,I,S,S,S,S,S,S,I,I,S,S,S
0.02,I,S,I,I,S,I,I,S,S,S,I,S,S,S,S,S,S,I,I,S,S,S
0.07,I,S,I,I,S,I,S,S,S,S,I,S,S,S,S,S,S,I,I,S,S,S
0.06,I,S,I,I,S,S,S,S,S,S,I,S,S,S,S,S,S,I,I,S,S,S
0.16,I,S,I,I,S,S,S,S,S,S,S,S,S,S,S,S,S,I,I,S,S,S
0.00,I,S,I,S,S,S,S,S,S,S,S,S,S,S,S,S,S,I,I,S,S,S
0.02,I,S,I,S,S,S,S,S,S,S,S,S,S,S,S,I,S,I,I,S,S,S
0.13,I,S,I,S,S,S,S,S,S,S,S,S,S,S,S,I,S,S,I,S,S,S
0.27,I,S,I,S,S,I,S,S,S,S,S,S,S,S,S,I,S,S,I,S,S,S
0.08,I,S,I,S,S,I,S,S,S,S,S,S,S,I,S,I,S,S,I,S,S,S
0.11,I,S,I,S,S,I,S,S,S,S,S,S,S,I,S,S,S,S,I,S,S,S
0.10,I,S,I,S,S,I,S,S,S,S,S,S,S,I,S,I,S,S,I,S,S,S
0.03,I,S,I,S,S,I,S,S,S,S,S,S,S,S,S,I,S,S,I,S,S,S
0.02,I,S,I,S,S,I,S,S,I,S,S,S,S,S,S,I,S,S,I,S,S,S
0.10,I,S,I,S,S,I,S,S,I,S,S,S,S,S,S,I,I,S,I,S,S,S
0.03,I,S,I,S,S,I,S,S,I,S,S,S,S,I,S,I,I,S,I,S,S,S
0.05,I,S,I,S,S,I,S,S,I,S,S,S,S,I,S,I,I,S,S,S,S,S
0.01,S,S,I,S,S,I,S,S,I,S,S,S,S,I,S,I,I,S,S,S,S,S
0.05,S,S,I,S,S,I,S,S,I,S,S,S,S,I,S,I,I,I,S,S,S,S
0.26,S,S,I,S,S,I,S,S,I,S,S,S,S,I,S,I,S,I,S,S,S,S
0.03,S,S,I,I,S,I,S,S,I,S,S,S,S,I,S,I,S,I,S,S,S,S
0.04,S,S,I,I,S,I,S,S,I,S,S,S,S,I,S,S,S,I,S,S,S,S
0.01,S,S,I,I,S,I,S,S,I,S,S,S,S,I,S,S,I,I,S,S,S,S
0.06,S,S,I,I,S,I,S,S,I,I,S,S,S,I,S,S,I,I,S,S,S,S
0.10,S,S,I,I,S,I,S,S,I,I,S,S,S,I,S,S,S,I,S,S,S,S
0.01,I,S,I,I,S,I,S,S,I,I,S,S,S,I,S,S,S,I,S,S,S,S
0.01,I,S,I,I,S,I,S,S,I,I,S,S,S,S,S,S,S,I,S,S,S,S
0.01,I,S,I,I,S,I,S,S,S,I,S,S,S,S,S,S,S,I,S,S,S,S
0.01,I,S,S,I,S,I,S,S,S,I,S,S,S,S,S,S,S,I,S,S,S,S
0.01,I,S,S,I,S,I,S,S,S,I,S,S,S,S,S,S,I,I,S,S,S,S
0.25,S,S,S,I,S,I,S,S,S,I,S,S,S,S,S,S,I,I,S,S,S,S
0.14,I,S,S,I,S,I,S,S,S,I,S,S,S,S,S,S,I,I,S,S,S,S
0.06,I,S,S,I,S,I,I,S,S,I,S,S,S,S,S,S,I,I,S,S,S,S
0.02,I,S,S,I,S,I,I,S,S,I,S,S,S,S,S,S,I,I,I,S,S,S
0.31,I,S,S,I,S,S,I,S,S,I,S,S,S,S,S,S,I,I,I,S,S,S
0.04,I,I,S,I,S,S,I,S,S,I,S,S,S,S,S,S,I,I,I,S,S,S
0.01,I,I,S,I,S,S,I,S,S,I,S,S,I,S,S,S,I,I,I,S,S,S
0.00,I,I,S,I,S,S,I,S,S,I,S,S,I,S,S,S,S,I,I,S,S,S
0.00,I,S,S,I,S,S,I,S,S,I,S,S,I,S,S,S,S,I,I,S,S,S
0.00,I,S,S,I,S,S,I,S,S,S,S,S,I,S,S,S,S,I,I,S,S,S
0.01,I,S,S,I,S,S,I,S,I,S,S,S,I,S,S,S,S,I,I,S,S,S
0.01,S,S,S,I,S,S,I,S,I,S,S,S,I,S,S,S,S,I,I,S,S,S
0.11,S,S,S,I,S,S,S,S,I,S,S,S,I,S,S,S,S,I,I,S,S,S
0.07,S,S,I,I,S,S,S,S,I,S,S,S,I,S,S,S,S,I,I,S,S,S
0.05,I,S,I,I,S,S,S,S,I,S,S,S,I,S,S,S,S,I,I,S,S,S
0.12,I,S,I,I,S,S,S,S,I,S,S,S,I,S,S,S,S,I,S,S,S,S
0.16,I,S,I,I,S,S,S,S,I,S,S,S,I,S,S,I,S,I,S,S,S,S
0.02,I,S,I,I,S,S,S,S,I,S,S,S,I,S,S,I,S,I,S,I,S,S
0.02,I,S,I,I,S,S,S,S,S,S,S,S,I,S,S,I,S,I,S,I,S,S
0.09,I,S,I,I,S,S,S,S,S,S,S,S,I,S,I,I,S,I,S,I,S,S
0.08,I,S,I,S,S,S,S,S,S,S,S,S,I,S,I,I,S,I,S,I,S,S
0.07,I,S,I,S,I,S,S,S,S,S,S,S,I,S,I,I,S,I,S,I,S,S
0.05,I,S,I,S,I,S,S,S,S,S,S,S,I,S,I,I,S,I,S,S,S,S
0.03,I,S,I,S,I,S,S,S,I,S,S,S,I,S,I,I,S,I,S,S,S,S
0.48,I,S,I,S,I,S,S,S,I,S,S,S,I,S,I,I,S,I,I,S,S,S
0.00,I,S,I,S,I,S,S,S,I,S,S,S,I,S,I,I,S,I,I,I,S,S
0.01,I,S,I,S,I,S,S,S,I,S,S,S,S,S,I,I,S,I,I,I,S,S
0.12,S,S,I,S,I,S,S,S,I,S,S,S,S,S,I,I,S,I,I,I,S,S
0.01,S,S,I,S,I,S,S,S,I,S,S,S,S,S,I,I,S,I,I,I,I,S
0.18,S,S,I,S,I,S,S,S,I,S,S,S,S,S,I,I,S,S,I,I,I,S
0.09,S,S,I,S,I,S,S,S,I,S,S,S,S,S,I,I,S,S,S,I,I,S
0.03,S,S,I,S,I,S,S,S,I,S,S,S,S,I,I,I,S,S,S,I,I,S
0.07,S,S,I,S,I,S,S,S,I,S,S,S,I,I,I,I,S,S,S,I,I,S
0.00,S,S,I,S,I,S,S,S,I,S,S,S,S,I,I,I,S,S,S,I,I,S
0.13,S,S,I,S,I,S,S,S,I,S,S,S,S,I,I,I,S,S,S,I,S,S
0.12,S,S,I,S,I,S,S,S,I,S,S,S,S,I,S,I,S,S,S,I,S,S
0.06,S,S,I,S,S,S,S,S,I,S,S,S,S,I,S,I,S,S,S,I,S,S
0.12,S,S,I,I,S,S,S,S,I,S,S,S,S,I,S,I,S,S,S,I,S,S
0.06,S,I,I,I,S,S,S,S,I,S,S,S,S,I,S,I,S,S,S,I,S,S
0.03,S,I,I,I,S,S,S,S,I,S,S,S,S,I,S,I,S,S,S,I,S,I
0.30,S,I,I,I,S,S,S,S,I,S,S,S,S,I,S,I,S,S,S,S,S,I
0.17,S,I,I,I,S,S,S,S,I,S,I,S,S,I,S,I,S,S,S,S,S,I
0.18,S,I,I,I,S,S,S,S,I,S,I,S,S,I,S,I,I,S,S,S,S,I
0.14,S,I,I,I,S,S,S,S,I,S,I,S,S,I,S,S,I,S,S,S,S,I
0.00,S,I,S,I,S,S,S,S,I,S,I,S,S,I,S,S,I,S,S,S,S,I
0.01,S,I,S,I,I,S,S,S,I,S,I,S,S,I,S,S,I,S,S,S,S,I
0.07,S,I,S,I,I,S,S,I,I,S,I,S,S,I,S,S,I,S,S,S,S,I
0.01,S,I,S,I,I,S,S,I,I,S,I,S,S,I,S,S,S,S,S,S,S,I
0.05,S,I,S,S,I,S,S,I,I,S,I,S,S,I,S,S,S,S,S,S,S,I
0.10,S,I,S,S,I,S,S,I,I,S,I,S,S,I,S,S,S,S,S,S,S,S
0.07,S,I,S,S,I,S,S,S,I,S,I,S,S,I,S,S,S,S,S,S,S,S
0.15,S,I,S,S,I,S,S,S,I,S,I,S,S,I,S,S,I,S,S,S,S,S
0.01,S,I,S,S,I,S,S,I,I,S,I,S,S,I,S,S,I,S,S,S,S,S
0.07,S,I,S,S,I,S,S,S,I,S,I,S,S,I,S,S,I,S,S,S,S,S
0.02,S,I,S,S,I,S,S,S,I,S,I,S,S,S,S,S,I,S,S,S,S,S
0.01,S,I,S,S,I,S,S,S,I,S,I,S,S,S,S,S,S,S,S,S,S,S
0.09,S,I,S,S,I,S,S,S,I,S,I,S,S,S,S,S,I,S,S,S,S,S
0.04,S,I,S,S,I,S,S,S,I,S,I,S,I,S,S,S,I,S,S,S,S,S
0.08,S,I,S,S,I,S,S,S,I,S,I,S,S,S,S,S,I,S,S,S,S,S
0.05,S,I,S,S,I,S,S,S,I,S,S,S,S,S,S,S,I,S,S,S,S,S
0.02,S,I,S,I,I,S,S,S,I,S,S,S,S,S,S,S,I,S,S,S,S,S
0.01,I,I,S,I,I,S,S,S,I,S,S,S,S,S,S,S,I,S,S,S,S,S
0.27,I,I,S,I,I,S,S,S,S,S,S,S,S,S,S,S,I,S,S,S,S,S
0.01,I,I,S,I,I,S,S,S,S,S,S,S,S,S,S,S,I,S,S,I,S,S
0.36,I,I,S,I,I,S,S,S,I,S,S,S,S,S,S,S,I,S,S,I,S,S
0.05,I,I,S,I,I,I,S,S,I,S,S,S,S,S,S,S,I,S,S,I,S,S
0.00,I,I,S,I,I,I,I,S,I,S,S,S,S,S,S,S,I,S,S,I,S,S
0.00,I,I,S,S,I,I,I,S,I,S,S,S,S,S,S,S,I,S,S,I,S,S
0.01,I,I,S,S,I,I,I,S,I,S,S,S,S,S,I,S,I,S,S,I,S,S
0.13,I,I,S,S,I,I,I,S,I,S,S,S,S,S,I,S,S,S,S,I,S,S
0.26,I,I,S,S,I,I,I,S,I,S,I,S,S,S,I,S,S,S,S,I,S,S
0.02,I,I,S,S,S,I,I,S,I,S,I,S,S,S,I,S,S,S,S,I,S,S
0.00,I,I,S,S,S,I,I,S,I,S,I,S,S,S,S,S,S,S,S,I,S,S
0.02,S,I,S,S,S,I,I,S,I,S,I,S,S,S,S,S,S,S,S,I,S,S
0.01,S,S,S,S,S,I,I,S,I,S,I,S,S,S,S,S,S,S,S,I,S,S
0.07,S,S,S,S,S,I,I,S,I,S,I,S,I,S,S,S,S,S,S,I,S,S
0.07,S,S,S,S,S,I,I,S,S,S,I,S,I,S,S,S,S,S,S,I,S,S
0.01,S,S,S,S,S,I,I,S,S,I,I,S,I,S,S,S,S,S,S,I,S,S
0.06,S,S,S,S,S,I,I,S,I,I,I,S,I,S,S,S,S,S,S,I,S,S
0.15,S,S,S,S,S,S,I,S,I,I,I,S,I,S,S,S,S,S,S,I,S,S
0.04,S,S,S,S,S,S,I,S,S,I,I,S,I,S,S,S,S,S,S,I,S,S
0.01,S,S,S,I,S,S,I,S,S,I,I,S,I,S,S,S,S,S,S,I,S,S
0.15,S,S,S,I,S,S,I,S,S,I,I,S,I,S,S,I,S,S,S,I,S,S
0.02,S,S,S,I,S,S,I,I,S,I,I,S,I,S,S,I,S,S,S,I,S,S
0.11,S,S,S,I,S,S,I,I,S,I,I,S,S,S,S,I,S,S,S,I,S,S
0.04,S,S,S,I,S,S,S,I,S,I,I,S,S,S,S,I,S,S,S,I,S,S
0.13,S,S,S,I,S,S,S,S,S,I,I,S,S,S,S,I,S,S,S,I,S,S
0.06,S,S,S,I,S,S,S,S,S,I,I,S,S,S,I,I,S,S,S,I,S,S
0.02,S,S,S,I,S,S,I,S,S,I,I,S,S,S,I,I,S,S,S,I,S,S
0.11,S,S,S,I,S,S,I,S,S,I,I,S,S,I,I,I,S,S,S,I,S,S
0.21,S,S,S,I,S,S,I,S,S,S,I,S,S,I,I,I,S,S,S,I,S,S
0.13,S,S,S,I,S,S,S,S,S,S,I,S,S,I,I,I,S,S,S,I,S,S
0.13,S,S,S,S,S,S,S,S,S,S,I,S,S,I,I,I,S,S,S,I,S,S
0.03,S,S,S,S,S,S,S,S,S,S,I,S,S,I,I,I,S,S,S,I,S,I
0.03,S,S,S,S,S,S,I,S,S,S,I,S,S,I,I,I,S,S,S,I,S,I
0.08,S,S,S,S,S,S,I,S,S,S,I,S,S,I,I,I,S,S,I,I,S,I
0.00,S,S,S,S,S,S,I,S,S,S,I,S,S,I,S,I,S,S,I,I,S,I
0.07,S,S,S,S,S,S,I,S,S,S,I,S,S,I,S,I,S,S,S,I,S,I
0.24,S,S,S,S,S,S,S,S,S,S,I,S,S,I,S,I,S,S,S,I,S,I
0.16,S,S,S,S,S,S,S,S,S,S,S,S,S,I,S,I,S,S,S,I,S,I
0.04,S,S,S,S,S,I,S,S,S,S,S,S,S,I,S,I,S,S,S,I,S,I
0.10,S,S,S,S,S,I,S,S,S,S,S,S,S,I,S,I,S,S,S,S,S,I
0.43,S,S,S,S,S,I,S,S,S,S,S,S,S,I,S,S,S,S,S,S,S,I
0.00,S,S,S,S,S,I,S,S,S,S,S,S,S,I,S,S,S,S,S,S,S,S
0.05,I,S,S,S,S,I,S,S,S,S,S,S,S,I,S,S,S,S,S,S,S,S
0.11,I,S,S,S,S,I,S,S,S,S,S,S,S,I,S,S,I,S,S,S,S,S
0.04,I,S,S,S,S,I,S,S,S,S,S,S,S,I,S,S,S,S,S,S,S,S
0.11,I,S,S,S,S,I,S,S,S,S,S,S,S,S,S,S,S,S,S,S,S,S
0.07,I,S,S,S,S,I,S,S,S,S,S,S,S,S,S,I,S,S,S,S,S,S
0.22,I,S,S,S,S,I,S,S,I,S,S,S,S,S,S,I,S,S,S,S,S,S
0.08,I,S,S,S,S,S,S,S,I,S,S,S,S,S,S,I,S,S,S,S,S,S
0.00,I,S,S,S,S,S,S,S,I,S,S,S,S,S,S,S,S,S,S,S,S,S
0.12,S,S,S,S,S,S,S,S,I,S,S,S,S,S,S,S,S,S,S,S,S,S
0.06,S,S,S,S,S,S,S,S,I,I,S,S,S,S,S,S,S,S,S,S,S,S
0.04,S,S,S,S,S,S,S,S,I,I,S,I,S,S,S,S,S,S,S,S,S,S
0.08,S,S,S,S,S,S,S,S,I,I,S,I,S,S,S,S,S,I,S,S,S,S
0.11,S,S,S,S,S,S,S,S,I,I,I,I,S,S,S,S,S,I,S,S,S,S
0.08,S,S,S,S,S,S,I,S,I,I,I,I,S,S,S,S,S,I,S,S,S,S
0.01,S,S,S,S,S,S,I,S,I,I,I,I,S,S,I,S,S,I,S,S,S,S
0.02,S,S,S,S,S,S,I,S,I,I,I,I,S,S,S,S,S,I,S,S,S,S
0.04,S,S,S,S,S,S,I,S,I,S,I,I,S,S,S,S,S,I,S,S,S,S
0.04,S,S,S,S,S,S,I,S,I,S,S,I,S,S,S,S,S,I,S,S,S,S
0.00,S,S,S,S,S,S,I,S,S,S,S,I,S,S,S,S,S,I,S,S,S,S
0.16,S,S,S,S,S,S,I,S,S,S,S,I,S,S,S,S,S,S,S,S,S,S
0.08,S,S,S,S,S,S,I,S,S,S,S,I,S,S,S,S,S,S,I,S,S,S
0.31,S,S,I,S,S,S,I,S,S,S,S,I,S,S,S,S,S,S,I,S,S,S
0.02,S,S,I,S,S,S,I,S,S,S,S,I,S,S,I,S,S,S,I,S,S,S
0.01,S,S,S,S,S,S,I,S,S,S,S,I,S,S,I,S,S,S,I,S,S,S
0.07,S,S,S,S,S,S,S,S,S,S,S,I,S,S,I,S,S,S,I,S,S,S
0.21,S,S,S,S,S,S,S,S,S,S,S,S,S,S,I,S,S,S,I,S,S,S
0.08,S,S,S,S,S,S,S,I,S,S,S,S,S,S,I,S,S,S,I,S,S,S
0.13,S,S,S,S,S,S,S,I,S,S,S,S,S,S,S,S,S,S,I,S,S,S
0.02,S,S,S,S,S,S,S,I,S,S,S,S,S,S,S,S,S,S,S,S,S,S
0.01,S,S,S,S,S,S,S,I,S,S,S,S,S,I,S,S,S,S,S,S,S,S
0.00,S,S,S,I,S,S,S,I,S,S,S,S,S,I,S,S,S,S,S,S,S,S
0.26,S,S,S,I,S,S,S,I,S,S,S,S,S,I,S,S,S,S,I,S,S,S
0.06,S,S,S,I,S,S,S,I,S,S,S,S,S,I,S,S,S,I,I,S,S,S
0.39,S,S,S,I,S,S,S,I,S,S,S,S,S,I,S,S,S,S,I,S,S,S
0.01,S,S,S,I,S,S,S,I,S,S,S,S,S,S,S,S,S,S,I,S,S,S
0.09,S,S,S,I,S,S,S,I,S,S,S,S,S,S,S,S,I,S,I,S,S,S
0.04,S,S,S,I,S,S,I,I,S,S,S,S,S,S,S,S,I,S,I,S,S,S
0.01,S,S,S,I,S,S,I,I,S,S,S,S,S,S,S,S,S,S,I,S,S,S
0.06,S,S,S,I,S,S,I,I,S,S,S,I,S,S,S,S,S,S,I,S,S,S
0.09,S,S,S,I,S,S,I,I,S,S,S,I,S,S,S,S,S,S,I,S,S,I
0.01,S,S,S,I,S,S,S,I,S,S,S,I,S,S,S,S,S,S,I,S,S,I
0.22,S,S,S,I,S,S,S,I,S,I,S,I,S,S,S,S,S,S,I,S,S,I
0.25,S,S,S,I,S,S,I,I,S,I,S,I,S,S,S,S,S,S,I,S,S,I
0.09,S,S,S,I,S,S,S,I,S,I,S,I,S,S,S,S,S,S,I,S,S,I
0.15,S,S,S,I,S,S,S,I,S,I,S,I,S,S,S,S,S,S,I,S,S,S
0.11,S,S,S,I,S,S,S,I,S,S,S,I,S,S,S,S,S,S,I,S,S,S
0.14,I,S,S,I,S,S,S,I,S,S,S,I,S,S,S,S,S,S,I,S,S,S
0.06,I,S,S,I,S,S,S,S,S,S,S,I,S,S,S,S,S,S,I,S,S,S
0.05,S,S,S,I,S,S,S,S,S,S,S,I,S,S,S,S,S,S,I,S,S,S
0.01,S,S,S,I,S,S,S,S,S,S,S,I,I,S,S,S,S,S,I,S,S,S
0.07,S,S,I,I,S,S,S,S,S,S,S,I,I,S,S,S,S,S,I,S,S,S
0.10,S,S,I,I,S,S,I,S,S,S,S,I,I,S,S,S,S,S,I,S,S,S
0.05,S,S,I,I,S,S,I,S,S,S,S,I,I,S,S,S,S,S,S,S,S,S
0.07,S,S,I,S,S,S,I,S,S,S,S,I,I,S,S,S,S,S,S,S,S,S
0.07,S,S,I,S,S,S,I,S,S,S,S,I,I,S,I,S,S,S,S,S,S,S
0.03,S,S,I,S,S,S,I,S,S,S,S,I,I,S,S,S,S,S,S,S,S,S
0.46,S,S,I,S,S,S,I,S,S,S,S,S,I,S,S,S,S,S,S,S,S,S
0.13,S,S,I,S,S,S,I,S,S,S,S,S,I,S,S,S,S,S,S,S,I,S
0.10,S,S,I,S,S,S,I,S,S,S,S,S,I,S,S,S,S,S,S,S,I,I
0.06,S,S,I,S,S,S,I,I,S,S,S,S,I,S,S,S,S,S,S,S,I,I
0.01,S,S,I,S,S,S,I,I,S,S,S,S,I,S,S,S,I,S,S,S,I,I
0.06,S,S,I,S,S,S,I,I,S,S,S,S,I,S,S,S,S,S,S,S,I,I
0.06,S,S,I,S,S,S,I,I,S,I,S,S,I,S,S,S,S,S,S,S,I,I
0.05,I,S,I,S,S,S,I,I,S,I,S,S,I,S,S,S,S,S,S,S,I,I
0.10,I,S,I,S,S,S,I,I,S,I,S,S,I,S,S,S,S,S,S,S,S,I
0.09,I,S,I,S,S,S,S,I,S,I,S,S,I,S,S,S,S,S,S,S,S,I
0.13,I,S,S,S,S,S,S,I,S,I,S,S,I,S,S,S,S,S,S,S,S,I
0.17,I,S,S,S,S,S,S,S,S,I,S,S,I,S,S,S,S,S,S,S,S,I
0.06,I,S,S,S,S,S,S,S,S,I,I,S,I,S,S,S,S,S,S,S,S,I
0.09,I,S,S,S,S,S,S,S,S,I,S,S,I,S,S,S,S,S,S,S,S,I
0.09,I,S,I,S,S,S,S,S,S,I,S,S,I,S,S,S,S,S,S,S,S,I
0.14,I,S,I,S,S,I,S,S,S,I,S,S,I,S,S,S,S,S,S,S,S,I
0.05,I,S,I,S,S,I,S,S,S,I,S,S,I,S,S,S,I,S,S,S,S,I
0.02,I,S,I,S,S,I,S,S,S,S,S,S,I,S,S,S,I,S,S,S,S,I
0.05,I,S,I,S,S,I,S,S,S,S,S,S,I,S,S,S,I,S,S,S,S,S
0.11,I,S,I,S,S,I,S,S,I,S,S,S,I,S,S,S,I,S,S,S,S,S
0.02,I,S,I,S,S,I,S,S,I,S,S,S,I,S,S,S,I,S,S,S,S,I
0.06,I,S,I,S,S,I,S,S,S,S,S,S,I,S,S,S,I,S,S,S,S,I
0.09,I,S,I,S,S,I,S,S,S,S,S,S,I,S,S,S,I,S,S,S,S,S
0.07,I,S,I,S,S,I,I,S,S,S,S,S,I,S,S,S,I,S,S,S,S,S
0.12,I,S,I,S,S,S,I,S,S,S,S,S,I,S,S,S,I,S,S,S,S,S
0.02,I,S,I,S,S,S,I,S,S,S,I,S,I,S,S,S,I,S,S,S,S,S
0.03,I,S,I,S,S,S,I,S,S,S,I,S,I,S,S,S,I,I,S,S,S,S
0.07,I,S,I,S,S,S,I,S,S,S,I,S,S,S,S,S,I,I,S,S,S,S
0.06,I,S,I,S,S,S,I,S,S,S,I,S,S,I,S,S,I,I,S,S,S,S
0.03,I,S,I,S,S,S,I,S,S,S,I,S,S,I,S,S,S,I,S,S,S,S
0.00,I,S,I,S,S,S,I,I,S,S,I,S,S,I,S,S,S,I,S,S,S,S
0.00,I,S,I,S,S,S,I,I,S,I,I,S,S,I,S,S,S,I,S,S,S,S
0.38,I,S,S,S,S,S,I,I,S,I,I,S,S,I,S,S,S,I,S,S,S,S
0.01,I,S,S,S,S,S,I,I,S,I,I,S,S,I,S,I,S,I,S,S,S,S
0.09,I,S,S,S,I,S,I,I,S,I,I,S,S,I,S,I,S,I,S,S,S,S
0.01,I,S,S,S,I,S,I,I,S,I,I,S,S,I,S,I,S,I,S,I,S,S
0.01,I,S,S,S,I,S,I,I,S,I,I,S,S,I,S,I,S,I,S,I,S,I
0.03,I,S,S,S,I,S,I,I,S,I,I,S,S,I,S,I,S,S,S,I,S,I
0.01,S,S,S,S,I,S,I,I,S,I,I,S,S,I,S,I,S,S,S,I,S,I
0.15,S,S,S,S,I,S,I,S,S,I,I,S,S,I,S,I,S,S,S,I,S,I
0.02,S,S,S,S,I,S,I,S,S,I,I,S,S,I,S,I,S,S,S,S,S,I
0.06,S,S,S,S,I,S,I,S,S,I,S,S,S,I,S,I,S,S,S,S,S,I
0.02,S,S,S,S,I,S,I,S,S,S,S,S,S,I,S,I,S,S,S,S,S,I
0.07,S,S,S,S,I,S,I,I,S,S,S,S,S,I,S,I,S,S,S,S,S,I
0.01,S,S,S,S,I,S,I,I,S,S,S,S,S,I,I,I,S,S,S,S,S,I
0.18,S,S,S,S,I,S,I,I,S,S,S,S,S,I,S,I,S,S,S,S,S,I
0.13,S,S,S,S,I,S,I,I,S,S,S,S,S,I,S,I,I,S,S,S,S,I
0.00,S,S,S,S,I,S,I,I,S,S,S,S,S,I,S,I,I,S,S,S,I,I
0.01,S,S,I,S,I,S,I,I,S,S,S,S,S,I,S,I,I,S,S,S,I,I
0.03,S,S,I,S,I,S,I,I,S,S,S,S,I,I,S,I,I,S,S,S,I,I
0.01,S,S,I,S,I,S,S,I,S,S,S,S,I,I,S,I,I,S,S,S,I,I
0.01,S,S,I,S,I,S,S,I,S,S,S,S,S,I,S,I,I,S,S,S,I,I
0.11,S,S,I,S,I,S,S,I,S,S,S,S,S,I,S,I,I,S,S,S,I,S
0.08,I,S,I,S,I,S,S,I,S,S,S,S,S,I,S,I,I,S,S,S,I,S
0.23,I,S,I,S,I,S,S,I,I,S,S,S,S,I,S,I,I,S,S,S,I,S
0.13,I,S,I,S,I,S,S,I,I,S,S,S,S,I,S,I,I,S,I,S,I,S
0.08,S,S,I,S,I,S,S,I,I,S,S,S,S,I,S,I,I,S,I,S,I,S
0.01,S,S,I,S,I,S,S,I,S,S,S,S,S,I,S,I,I,S,I,S,I,S
0.10,S,S,I,S,I,S,S,I,S,S,S,S,S,I,S,I,S,S,I,S,I,S
0.04,S,S,S,S,I,S,S,I,S,S,S,S,S,I,S,I,S,S,I,S,I,S
0.01,S,S,S,S,S,S,S,I,S,S,S,S,S,I,S,I,S,S,I,S,I,S
0.09,S,S,S,S,S,S,S,I,S,S,S,S,S,I,S,I,S,S,I,I,I,S
0.06,S,S,S,S,S,S,S,I,I,S,S,S,S,I,S,I,S,S,I,I,I,S
0.06,S,S,S,S,S,S,S,I,S,S,S,S,S,I,S,I,S,S,I,I,I,S
0.03,S,S,S,S,S,S,S,S,S,S,S,S,S,I,S,I,S,S,I,I,I,S
0.03,S,S,S,S,S,S,S,S,S,S,S,S,S,I,S,I,S,S,I,S,I,S
0.25,S,S,S,S,S,S,S,S,S,S,S,S,S,I,S,I,I,S,I,S,I,S
0.04,S,S,S,S,S,S,S,S,S,S,S,S,S,I,S,I,I,S,I,S,S,S
0.39,S,S,S,S,S,S,S,S,S,S,S,S,S,I,S,I,S,S,I,S,S,S
0.05,I,S,S,S,S,S,S,S,S,S,S,S,S,I,S,I,S,S,I,S,S,S
0.05,I,S,S,S,S,S,S,S,S,S,S,S,I,I,S,I,S,S,I,S,S,S
0.01,I,S,S,S,S,S,S,S,S,S,S,S,I,I,S,I,S,S,S,S,S,S
0.07,I,S,S,S,S,S,S,S,S,I,S,S,I,I,S,I,S,S,S,S,S,S
0.00,S,S,S,S,S,S,S,S,S,I,S,S,I,I,S,I,S,S,S,S,S,S
0.06,S,S,S,S,S,S,I,S,S,I,S,S,I,I,S,I,S,S,S,S,S,S
0.04,S,S,S,S,S,S,I,S,S,I,S,S,S,I,S,I,S,S,S,S,S,S
0.03,S,S,S,S,S,S,I,S,S,S,S,S,S,I,S,I,S,S,S,S,S,S
0.04,S,S,S,S,S,S,I,S,S,S,S,S,S,I,S,I,S,I,S,S,S,S
0.03,S,S,S,S,S,S,I,S,S,S,S,S,S,S,S,I,S,I,S,S,S,S
0.07,S,S,S,S,S,S,I,S,S,S,S,I,S,S,S,I,S,I,S,S,S,S
0.04,S,S,S,S,S,S,I,S,S,S,S,I,S,S,S,I,I,I,S,S,S,S
0.01,I,S,S,S,S,S,I,S,S,S,S,I,S,S,S,I,I,I,S,S,S,S
0.02,I,S,S,S,S,S,S,S,S,S,S,I,S,S,S,I,I,I,S,S,S,S
0.08,I,S,S,S,S,S,S,S,S,S,S,I,S,S,S,I,I,I,S,I,S,S
0.01,I,S,I,S,S,S,S,S,S,S,S,I,S,S,S,I,I,I,S,I,S,S
0.01,I,S,I,S,S,S,S,S,S,S,S,I,S,S,S,S,I,I,S,I,S,S
0.13,I,S,I,S,S,S,S,S,S,S,S,I,I,S,S,S,I,I,S,I,S,S
0.09,I,S,I,I,S,S,S,S,S,S,S,I,I,S,S,S,I,I,S,I,S,S
0.01,I,S,I,I,S,S,S,S,S,S,S,S,I,S,S,S,I,I,S,I,S,S
0.07,I,S,I,I,S,S,S,S,I,S,S,S,I,S,S,S,I,I,S,I,S,S
0.05,I,S,I,I,S,S,S,S,I,S,S,S,I,S,S,S,I,S,S,I,S,S
0.34,I,S,I,I,S,S,S,S,I,S,S,S,I,S,S,S,S,S,S,I,S,S
0.05,I,S,I,I,S,S,S,S,I,S,S,S,I,S,S,S,S,S,S,S,S,S
0.09,I,I,I,I,S,S,S,S,I,S,S,S,I,S,S,S,S,S,S,S,S,S
0.22,I,I,I,I,S,S,I,S,I,S,S,S,I,S,S,S,S,S,S,S,S,S
0.02,I,I,S,I,S,S,I,S,I,S,S,S,I,S,S,S,S,S,S,S,S,S
0.17,I,I,S,I,S,S,I,S,I,I,S,S,I,S,S,S,S,S,S,S,S,S
0.02,I,I,S,I,S,S,I,S,I,I,S,S,S,S,S,S,S,S,S,S,S,S
0.13,I,I,S,I,S,S,I,S,I,I,I,S,S,S,S,S,S,S,S,S,S,S
0.02,I,I,I,I,S,S,I,S,I,I,I,S,S,S,S,S,S,S,S,S,S,S
0.04,I,I,I,I,S,S,I,S,I,I,I,I,S,S,S,S,S,S,S,S,S,S
0.08,I,I,I,I,S,S,I,S,I,I,I,I,S,S,S,S,I,S,S,S,S,S
0.25,I,I,S,I,S,S,I,S,I,I,I,I,S,S,S,S,I,S,S,S,S,S
0.29,I,I,S,I,S,S,I,S,I,S,I,I,S,S,S,S,I,S,S,S,S,S
0.02,I,I,S,I,S,S,I,S,I,S,I,I,S,S,S,S,I,S,S,I,S,S
0.18,I,I,S,I,S,S,I,S,I,S,I,S,S,S,S,S,I,S,S,I,S,S
0.01,I,I,I,I,S,S,I,S,I,S,I,S,S,S,S,S,I,S,S,I,S,S
0.02,I,I,I,I,S,S,I,S,I,S,I,S,S,S,I,S,I,S,S,I,S,S
0.14,I,I,I,I,S,S,I,S,I,S,I,S,S,S,I,S,I,I,S,I,S,S
0.02,I,I,I,I,S,S,I,I,I,S,I,S,S,S,I,S,I,I,S,I,S,S
0.07,I,I,I,I,S,S,I,I,I,S,I,S,S,I,I,S,I,I,S,I,S,S
0.17,I,I,I,I,S,S,I,I,I,S,I,S,S,I,I,S,I,S,S,I,S,S
0.18,I,I,S,I,S,S,I,I,I,S,I,S,S,I,I,S,I,S,S,I,S,S
0.02,I,I,S,I,S,S,I,I,I,S,I,S,I,I,I,S,I,S,S,I,S,S
0.03,I,I,S,I,S,S,I,I,I,S,I,S,I,I,I,S,I,S,S,S,S,S
0.01,I,I,S,I,S,S,S,I,I,S,I,S,I,I,I,S,I,S,S,S,S,S
0.06,I,I,S,I,S,S,S,I,I,I,I,S,I,I,I,S,I,S,S,S,S,S
0.10,I,I,S,I,S,S,S,I,I,I,I,S,I,S,I,S,I,S,S,S,S,S
0.01,S,I,S,I,S,S,S,I,I,I,I,S,I,S,I,S,I,S,S,S,S,S
0.02,S,I,S,I,S,S,S,I,I,I,I,S,I,S,I,S,I,S,S,S,S,I
0.06,S,I,S,I,S,S,S,I,S,I,I,S,I,S,I,S,I,S,S,S,S,I
0.07,S,S,S,I,S,S,S,I,S,I,I,S,I,S,I,S,I,S,S,S,S,I
0.05,S,S,S,I,I,S,S,I,S,I,I,S,I,S,I,S,I,S,S,S,S,I
0.02,I,S,S,I,I,S,S,I,S,I,I,S,I,S,I,S,I,S,S,S,S,I
0.05,I,S,S,I,I,S,S,I,S,I,I,S,I,S,I,S,S,S,S,S,S,I
0.11,I,S,S,I,I,S,S,I,S,I,I,I,I,S,I,S,S,S,S,S,S,I
0.02,I,S,S,I,I,S,S,I,I,I,I,I,I,S,I,S,S,S,S,S,S,I
0.00,I,S,S,I,I,S,S,I,I,I,I,I,I,S,I,S,S,S,S,I,S,I
0.04,I,S,S,I,I,S,S,I,I,I,I,I,I,S,I,S,S,S,S,S,S,I
0.01,I,I,S,I,I,S,S,I,I,I,I,I,I,S,I,S,S,S,S,S,S,I
0.01,I,I,S,I,I,S,S,I,I,I,I,I,I,I,I,S,S,S,S,S,S,I
0.03,I,I,S,I,I,S,S,I,I,I,I,I,I,I,I,S,S,S,S,I,S,I
0.06,I,I,S,I,I,I,S,I,I,I,I,I,I,I,I,S,S,S,S,I,S,I
0.02,I,I,I,I,I,I,S,I,I,I,I,I,I,I,I,S,S,S,S,I,S,I
0.17,I,I,I,I,I,I,S,I,I,I,S,I,I,I,I,S,S,S,S,I,S,I
0.01,S,I,I,I,I,I,S,I,I,I,S,I,I,I,I,S,S,S,S,I,S,I
0.03,S,I,I,I,I,I,I,I,I,I,S,I,I,I,I,S,S,S,S,I,S,I
0.02,S,I,I,I,I,I,S,I,I,I,S,I,I,I,I,S,S,S,S,I,S,I
0.02,S,I,I,I,I,I,S,I,I,I,S,I,I,I,S,S,S,S,S,I,S,I
0.00,S,I,I,I,I,I,S,I,S,I,S,I,I,I,S,S,S,S,S,I,S,I
0.00,S,S,I,I,I,I,S,I,S,I,S,I,I,I,S,S,S,S,S,I,S,I
0.01,S,S,I,I,I,I,S,I,S,S,S,I,I,I,S,S,S,S,S,I,S,I
0.20,S,S,S,I,I,I,S,I,S,S,S,I,I,I,S,S,S,S,S,I,S,I
0.31,S,S,S,I,I,I,S,I,S,S,S,I,I,I,S,S,S,S,S,S,S,I
0.06,S,S,S,I,S,I,S,I,S,S,S,I,I,I,S,S,S,S,S,S,S,I
0.02,S,S,S,I,S,I,S,I,S,S,S,I,S,I,S,S,S,S,S,S,S,I
0.04,S,S,S,I,S,I,S,I,S,S,S,I,S,S,S,S,S,S,S,S,S,I
0.01,S,S,S,I,S,S,S,I,S,S,S,I,S,S,S,S,S,S,S,S,S,I
0.13,S,S,S,I,S,S,S,I,S,S,S,I,S,S,S,S,S,S,S,S,S,S
0.01,S,S,S,I,S,S,S,I,S,S,S,I,S,S,S,S,S,S,S,I,S,S
0.23,I,S,S,I,S,S,S,I,S,S,S,I,S,S,S,S,S,S,S,I,S,S
0.00,I,S,S,I,S,S,S,S,S,S,S,I,S,S,S,S,S,S,S,I,S,S
0.01,I,S,S,S,S,S,S,S,S,S,S,I,S,S,S,S,S,S,S,I,S,S
0.05,I,S,S,S,S,S,S,S,I,S,S,I,S,S,S,S,S,S,S,I,S,S
0.14,I,S,S,S,S,S,S,S,I,S,S,I,S,S,S,S,S,S,S,I,I,S
0.02,I,S,S,S,S,S,S,S,I,S,S,I,S,I,S,S,S,S,S,I,I,S
0.18,I,S,I,S,S,S,S,S,I,S,S,I,S,I,S,S,S,S,S,I,I,S
0.07,I,S,I,S,S,S,S,S,I,S,S,S,S,I,S,S,S,S,S,I,I,S
0.08,I,S,I,S,S,S,S,S,I,S,S,S,S,S,S,S,S,S,S,I,I,S
0.18,I,S,I,S,S,S,S,S,I,S,S,S,S,S,I,S,S,S,S,I,I,S
0.06,I,S,I,S,S,S,S,S,I,S,S,S,S,I,I,S,S,S,S,I,I,S
0.13,I,S,I,S,S,S,S,S,I,S,S,S,S,I,I,I,S,S,S,I,I,S
0.01,I,S,I,S,S,S,S,S,I,S,S,S,S,I,I,I,I,S,S,I,I,S
0.03,I,S,I,S,S,S,S,S,I,I,S,S,S,I,I,I,I,S,S,I,I,S
0.22,I,S,I,S,S,S,S,S,I,I,S,I,S,I,I,I,I,S,S,I,I,S
0.23,I,S,I,S,S,S,S,S,I,I,S,I,S,S,I,I,I,S,S,I,I,S
0.00,I,S,I,S,S,S,S,S,I,I,S,S,S,S,I,I,I,S,S,I,I,S
0.02,I,S,I,S,S,S,S,S,I,I,S,S,S,I,I,I,I,S,S,I,I,S
0.01,I,S,I,S,S,S,S,I,I,I,S,S,S,I,I,I,I,S,S,I,I,S
0.06,I,S,S,S,S,S,S,I,I,I,S,S,S,I,I,I,I,S,S,I,I,S
0.02,I,S,S,S,S,S,S,I,I,I,S,S,S,I,I,S,I,S,S,I,I,S
0.03,I,S,I,S,S,S,S,I,I,I,S,S,S,I,I,S,I,S,S,I,I,S
0.01,S,S,I,S,S,S,S,I,I,I,S,S,S,I,I,S,I,S,S,I,I,S
0.07,S,S,I,S,S,S,S,I,I,S,S,S,S,I,I,S,I,S,S,I,I,S
0.16,S,S,I,S,S,S,S,I,I,I,S,S,S,I,I,S,I,S,S,I,I,S
0.22,S,I,I,S,S,S,S,I,I,I,S,S,S,I,I,S,I,S,S,I,I,S
0.02,S,I,I,S,S,S,S,I,I,I,S,S,S,I,I,S,I,S,S,S,I,S
0.01,S,I,I,S,S,S,S,I,I,I,S,S,S,I,I,S,S,S,S,S,I,S
0.03,S,I,S,S,S,S,S,I,I,I,S,S,S,I,I,S,S,S,S,S,I,S
0.05,S,I,S,S,S,S,S,I,I,I,S,S,S,I,I,S,S,S,I,S,I,S
0.03,S,I,S,S,S,S,S,I,I,I,S,S,S,I,I,S,S,S,I,S,S,S
0.05,S,I,S,S,I,S,S,I,I,I,S,S,S,I,I,S,S,S,I,S,S,S
0.37,S,I,S,S,I,S,I,I,I,I,S,S,S,I,I,S,S,S,I,S,S,S
0.05,S,S,S,S,I,S,I,I,I,I,S,S,S,I,I,S,S,S,I,S,S,S
0.03,S,S,S,S,I,S,I,I,I,S,S,S,S,I,I,S,S,S,I,S,S,S
0.11,S,S,S,S,S,S,I,I,I,S,S,S,S,I,I,S,S,S,I,S,S,S
0.01,S,S,S,S,S,S,I,I,S,S,S,S,S,I,I,S,S,S,I,S,S,S
0.07,S,S,S,S,S,S,I,S,S,S,S,S,S,I,I,S,S,S,I,S,S,S
0.13,S,S,S,S,S,S,I,S,S,S,S,S,S,I,I,S,S,S,S,S,S,S
0.00,S,S,S,S,S,S,I,S,S,S,S,S,S,I,I,S,I,S,S,S,S,S
0.06,S,S,S,S,S,S,I,S,S,S,S,S,S,I,I,S,I,I,S,S,S,S
0.01,S,S,S,S,S,S,I,S,S,S,S,S,S,I,I,S,I,S,S,S,S,S
0.03,S,S,S,S,S,S,I,S,S,S,S,S,S,S,I,S,I,S,S,S,S,S
0.00,S,S,I,S,S,S,I,S,S,S,S,S,S,S,I,S,I,S,S,S,S,S
0.06,S,S,I,S,S,S,I,S,S,S,S,S,S,S,I,S,I,S,S,S,I,S
0.03,S,S,I,S,S,S,S,S,S,S,S,S,S,S,I,S,I,S,S,S,I,S
0.02,S,S,I,S,S,I,S,S,S,S,S,S,S,S,I,S,I,S,S,S,I,S
0.02,S,S,I,S,S,I,S,S,S,S,S,S,S,S,I,I,I,S,S,S,I,S
0.09,S,S,I,S,S,I,S,S,S,S,S,S,S,S,S,I,I,S,S,S,I,S
0.06,S,S,I,S,S,I,S,S,S,S,S,S,S,I,S,I,I,S,S,S,I,S
0.07,S,S,S,S,S,I,S,S,S,S,S,S,S,I,S,I,I,S,S,S,I,S
0.08,S,S,S,S,S,I,S,S,S,S,S,S,S,I,S,S,I,S,S,S,I,S
0.14,S,S,S,I,S,I,S,S,S,S,S,S,S,I,S,S,I,S,S,S,I,S
0.01,S,S,S,I,S,I,S,S,S,S,S,S,S,I,S,S,I,I,S,S,I,S
0.10,S,S,S,I,I,I,S,S,S,S,S,S,S,I,S,S,I,I,S,S,I,S
0.11,S,S,S,I,I,I,S,S,S,S,S,S,S,I,S,S,S,I,S,S,I,S
0.02,S,S,S,I,I,I,S,S,S,S,S,S,S,I,S,S,S,S,S,S,I,S
0.10,S,S,S,I,I,I,S,S,S,S,S,S,S,I,S,S,S,I,S,S,I,S
0.05,I,S,S,I,I,I,S,S,S,S,S,S,S,I,S,S,S,I,S,S,I,S
0.08,I,S,S,S,I,I,S,S,S,S,S,S,S,I,S,S,S,I,S,S,I,S
0.31,I,S,S,S,I,I,S,S,S,S,S,S,S,I,S,S,S,I,I,S,I,S
0.06,I,S,S,S,I,I,S,S,S,S,S,S,S,I,S,I,S,I,I,S,I,S
0.04,I,S,S,S,I,I,S,S,S,S,S,S,S,S,S,I,S,I,I,S,I,S
0.06,I,S,S,S,I,I,S,S,S,S,S,S,S,I,S,I,S,I,I,S,I,S
0.00,I,S,S,S,I,I,I,S,S,S,S,S,S,I,S,I,S,I,I,S,I,S
0.04,I,S,S,S,I,I,I,S,S,S,S,S,S,I,S,S,S,I,I,S,I,S
0.11,I,S,S,S,I,I,I,S,S,I,S,S,S,I,S,S,S,I,I,S,I,S
0.04,I,S,S,S,I,I,I,S,S,I,S,S,S,I,S,S,S,I,S,S,I,S
0.18,I,S,S,S,S,I,I,S,S,I,S,S,S,I,S,S,S,I,S,S,I,S
0.00,I,S,S,S,S,I,I,I,S,I,S,S,S,I,S,S,S,I,S,S,I,S
0.04,I,S,S,S,S,I,I,I,S,S,S,S,S,I,S,S,S,I,S,S,I,S
0.01,I,S,S,I,S,I,I,I,S,S,S,S,S,I,S,S,S,I,S,S,I,S
0.11,I,S,S,I,S,I,I,I,S,S,S,S,I,I,S,S,S,I,S,S,I,S
0.01,I,S,S,I,S,I,I,I,S,S,S,S,I,S,S,S,S,I,S,S,I,S
0.05,I,S,S,I,S,I,I,I,S,S,S,S,S,S,S,S,S,I,S,S,I,S
0.22,S,S,S,I,S,I,I,I,S,S,S,S,S,S,S,S,S,I,S,S,I,S
0.13,S,S,S,I,S,I,I,I,S,S,S,S,S,S,S,S,S,I,S,S,I,I
0.11,S,S,S,I,S,I,I,I,S,S,S,S,S,S,S,S,S,I,S,S,S,I
0.09,S,S,S,I,S,I,S,I,S,S,S,S,S,S,S,S,S,I,S,S,S,I
0.14,S,S,S,I,S,I,S,I,S,I,S,S,S,S,S,S,S,I,S,S,S,I
0.24,S,S,I,I,S,I,S,I,S,I,S,S,S,S,S,S,S,I,S,S,S,I
0.16,S,S,I,S,S,I,S,I,S,I,S,S,S,S,S,S,S,I,S,S,S,I
0.10,S,S,I,S,S,I,S,I,S,S,S,S,S,S,S,S,S,I,S,S,S,I
0.09,S,S,I,S,S,I,S,I,S,S,S,S,S,S,I,S,S,I,S,S,S,I
0.26,S,S,I,S,S,I,S,I,S,I,S,S,S,S,I,S,S,I,S,S,S,I
0.75,S,S,S,S,S,I,S,I,S,I,S,S,S,S,I,S,S,I,S,S,S,I
0.19,S,S,S,I,S,I,S,I,S,I,S,S,S,S,I,S,S,I,S,S,S,I
0.18,S,S,S,I,S,I,S,I,S,I,S,S,S,S,I,S,I,I,S,S,S,I
0.01,S,S,S,I,S,I,S,S,S,I,S,S,S,S,I,S,I,I,S,S,S,I
0.08,S,S,S,S,S,I,S,S,S,I,S,S,S,S,I,S,I,I,S,S,S,I
0.03,S,S,S,S,S,I,S,S,I,I,S,S,S,S,I,S,I,I,S,S,S,I
0.06,S,S,S,I,S,I,S,S,I,I,S,S,S,S,I,S,I,I,S,S,S,I
0.04,S,S,S,I,S,I,S,S,I,I,S,S,S,S,I,S,I,S,S,S,S,I
0.02,S,S,S,S,S,I,S,S,I,I,S,S,S,S,I,S,I,S,S,S,S,I
0.03,S,S,S,S,S,I,S,S,I,I,S,S,S,S,I,S,S,S,S,S,S,I
0.04,S,S,S,S,S,S,S,S,I,I,S,S,S,S,I,S,S,S,S,S,S,I
0.05,S,S,S,S,S,S,S,S,I,I,S,I,S,S,I,S,S,S,S,S,S,I
0.04,S,S,S,S,S,I,S,S,I,I,S,I,S,S,I,S,S,S,S,S,S,I
0.13,S,S,S,S,S,I,S,S,I,I,S,I,S,I,I,S,S,S,S,S,S,I
0.29,S,S,S,S,S,S,S,S,I,I,S,I,S,I,I,S,S,S,S,S,S,I
0.06,S,S,S,S,S,S,S,S,I,S,S,I,S,I,I,S,S,S,S,S,S,I
0.04,S,S,S,S,S,S,S,S,I,S,S,I,S,I,I,S,I,S,S,S,S,I
0.03,S,S,S,S,S,S,S,S,I,S,S,I,S,I,I,S,S,S,S,S,S,I
0.02,S,S,S,S,S,S,S,S,I,I,S,I,S,I,I,S,S,S,S,S,S,I
0.03,S,S,S,S,S,S,S,S,S,I,S,I,S,I,I,S,S,S,S,S,S,I
0.09,I,S,S,S,S,S,S,S,S,I,S,I,S,I,I,S,S,S,S,S,S,I
0.04,I,S,S,S,S,S,S,S,S,I,S,S,S,I,I,S,S,S,S,S,S,I
0.04,S,S,S,S,S,S,S,S,S,I,S,S,S,I,I,S,S,S,S,S,S,I
0.05,S,S,S,S,S,S,S,S,S,I,S,S,S,I,I,S,I,S,S,S,S,I
0.12,S,S,S,S,S,S,S,S,S,I,S,S,S,I,I,S,I,S,S,S,S,S
0.20,S,S,S,S,S,S,S,S,S,I,S,S,S,I,I,I,I,S,S,S,S,S
0.12,S,S,S,S,S,S,S,S,S,I,S,S,S,I,S,I,I,S,S,S,S,S
0.00,S,S,S,S,S,S,S,S,S,I,S,S,S,I,S,S,I,S,S,S,S,S
0.11,S,S,S,S,S,S,S,S,S,S,S,S,S,I,S,S,I,S,S,S,S,S
0.25,S,S,S,S,S,S,S,S,S,S,S,S,S,S,S,S,I,S,S,S,S,S
0.04,S,S,S,S,S,S,S,S,S,S,S,S,S,S,S,S,I,I,S,S,S,S
0.01,S,S,S,I,S,S,S,S,S,S,S,S,S,S,S,S,I,I,S,S,S,S
0.04,S,S,S,I,S,S,S,S,S,S,S,S,S,S,I,S,I,I,S,S,S,S
0.13,S,S,S,I,S,S,S,S,S,S,S,S,S,S,I,S,I,I,S,S,S,I
0.11,S,S,S,I,S,S,S,S,S,I,S,S,S,S,I,S,I,I,S,S,S,I
0.01,S,S,S,I,S,S,S,S,I,I,S,S,S,S,I,S,I,I,S,S,S,I
0.08,S,S,S,I,S,S,S,S,I,I,S,S,S,S,I,S,S,I,S,S,S,I
0.03,S,S,S,I,S,S,S,S,S,I,S,S,S,S,I,S,S,I,S,S,S,I
0.18,S,S,S,I,S,S,S,S,S,I,S,S,S,S,I,S,S,I,S,S,S,S
0.05,S,S,S,I,S,S,S,S,S,I,S,S,S,S,S,S,S,I,S,S,S,S
0.01,S,S,S,I,S,S,S,S,S,I,I,S,S,S,S,S,S,I,S,S,S,S
0.02,S,S,S,I,S,S,S,S,S,I,I,S,S,S,S,S,I,I,S,S,S,S
0.03,S,S,S,I,S,S,S,S,S,I,S,S,S,S,S,S,I,I,S,S,S,S
0.06,S,S,S,I,S,S,S,S,S,S,S,S,S,S,S,S,I,I,S,S,S,S
0.09,S,S,S,I,S,I,S,S,S,S,S,S,S,S,S,S,I,I,S,S,S,S
0.03,S,S,S,I,S,S,S,S,S,S,S,S,S,S,S,S,I,I,S,S,S,S
0.04,S,S,S,I,S,S,I,S,S,S,S,S,S,S,S,S,I,I,S,S,S,S
0.07,S,S,S,I,S,S,I,S,S,I,S,S,S,S,S,S,I,I,S,S,S,S
0.00,I,S,S,I,S,S,I,S,S,I,S,S,S,S,S,S,I,I,S,S,S,S
0.02,I,S,S,I,S,S,I,S,S,I,S,S,S,S,S,S,I,I,I,S,S,S
0.02,I,S,S,I,S,S,I,S,S,S,S,S,S,S,S,S,I,I,I,S,S,S
0.09,I,S,S,I,S,S,I,S,S,S,S,I,S,S,S,S,I,I,I,S,S,S
0.03,I,S,S,I,S,S,I,S,S,S,S,I,S,S,S,S,S,I,I,S,S,S
0.00,I,S,S,I,I,S,I,S,S,S,S,I,S,S,S,S,S,I,I,S,S,S
0.01,I,S,S,I,S,S,I,S,S,S,S,I,S,S,S,S,S,I,I,S,S,S
0.03,I,S,S,I,S,S,I,I,S,S,S,I,S,S,S,S,S,I,I,S,S,S
0.12,I,S,I,I,S,S,I,I,S,S,S,I,S,S,S,S,S,I,I,S,S,S
0.01,I,S,I,I,S,S,I,I,S,S,S,S,S,S,S,S,S,I,I,S,S,S
0.02,I,S,I,I,S,S,I,I,S,S,S,S,S,S,S,S,S,I,I,I,S,S
0.06,I,S,I,I,S,S,I,I,S,S,S,S,S,S,S,S,S,I,I,S,S,S
0.05,I,S,I,I,S,S,I,I,S,S,S,S,S,S,S,S,S,I,I,I,S,S
0.12,I,S,I,I,S,S,I,S,S,S,S,S,S,S,S,S,S,I,I,I,S,S
0.05,I,S,I,I,S,S,S,S,S,S,S,S,S,S,S,S,S,I,I,I,S,S
0.11,I,S,I,I,S,S,S,S,I,S,S,S,S,S,S,S,S,I,I,I,S,S
0.05,I,I,I,I,S,S,S,S,I,S,S,S,S,S,S,S,S,I,I,I,S,S
0.09,I,I,I,I,S,S,S,S,I,S,S,I,S,S,S,S,S,I,I,I,S,S
0.04,I,I,I,I,S,S,S,S,I,S,S,I,S,S,S,S,S,S,I,I,S,S
0.06,I,I,I,I,S,S,S,S,I,S,S,I,S,S,S,S,S,S,I,S,S,S
0.00,I,I,I,I,S,S,S,S,I,S,S,I,S,S,S,S,S,S,S,S,S,S
0.06,I,I,I,I,S,S,S,S,I,S,S,I,S,S,S,I,S,S,S,S,S,S
0.00,I,I,S,I,S,S,S,S,I,S,S,I,S,S,S,I,S,S,S,S,S,S
0.10,I,I,S,I,S,S,S,S,S,S,S,I,S,S,S,I,S,S,S,S,S,S
0.14,I,I,S,I,S,S,S,S,S,S,S,I,S,S,S,S,S,S,S,S,S,S
0.03,I,S,S,I,S,S,S,S,S,S,S,I,S,S,S,S,S,S,S,S,S,S
0.03,I,S,S,I,S,S,S,S,S,S,S,I,S,S,S,S,S,I,S,S,S,S
0.20,I,S,S,I,S,S,S,S,S,S,S,I,S,S,I,S,S,I,S,S,S,S
0.24,I,S,S,I,S,S,S,S,S,S,S,I,S,S,I,S,S,I,I,S,S,S
0.12,I,S,I,I,S,S,S,S,S,S,S,I,S,S,I,S,S,I,I,S,S,S
0.02,I,S,I,I,S,S,S,S,S,S,S,I,S,S,S,S,S,I,I,S,S,S
0.05,I,S,I,I,S,S,S,S,S,S,S,S,S,S,S,S,S,I,I,S,S,S
0.15,I,S,I,I,S,S,S,S,S,S,S,S,S,S,S,S,S,S,I,S,S,S
0.06,I,S,I,I,I,S,S,S,S,S,S,S,S,S,S,S,S,S,I,S,S,S
0.18,I,S,I,I,I,S,S,S,S,S,S,S,S,S,S,S,S,S,S,S,S,S
0.23,I,S,I,I,S,S,S,S,S,S,S,S,S,S,S,S,S,S,S,S,S,S
0.43,I,S,I,I,S,S,S,S,S,S,S,S,S,S,S,I,S,S,S,S,S,S
0.08,I,I,I,I,S,S,S,S,S,S,S,S,S,S,S,I,S,S,S,S,S,S
0.05,S,I,I,I,S,S,S,S,S,S,S,S,S,S,S,I,S,S,S,S,S,S
0.03,S,I,I,I,S,S,S,S,S,S,S,S,S,S,S,I,S,I,S,S,S,S
0.09,S,I,I,I,S,S,S,S,S,S,I,S,S,S,S,I,S,I,S,S,S,S
0.18,S,I,I,I,S,S,S,S,S,S,S,S,S,S,S,I,S,I,S,S,S,S
0.03,S,I,I,I,S,S,S,S,S,S,S,S,S,S,S,S,S,I,S,S,S,S
0.03,S,I,I,I,S,S,S,S,S,S,S,S,S,S,S,S,I,I,S,S,S,S
0.05,S,I,I,I,S,S,S,S,S,S,I,S,S,S,S,S,I,I,S,S,S,S
0.20,S,I,S,I,S,S,S,S,S,S,I,S,S,S,S,S,I,I,S,S,S,S
0.02,S,I,S,I,S,S,S,S,S,S,I,S,S,S,S,S,I,I,S,S,S,I
0.04,S,I,S,I,S,S,S,S,S,S,I,I,S,S,S,S,I,I,S,S,S,I
0.01,S,I,S,I,S,S,S,I,S,S,I,I,S,S,S,S,I,I,S,S,S,I
0.04,S,I,S,I,S,S,S,I,S,S,S,I,S,S,S,S,I,I,S,S,S,I
0.20,S,I,S,I,S,S,S,I,S,I,S,I,S,S,S,S,I,I,S,S,S,I
0.06,S,I,S,I,S,S,S,I,S,I,S,I,S,S,S,S,S,I,S,S,S,I
0.08,I,I,S,I,S,S,S,I,S,I,S,I,S,S,S,S,S,I,S,S,S,I
0.27,I,I,S,I,S,S,S,I,S,I,S,I,S,S,S,S,S,I,S,S,S,S
0.05,I,I,S,I,S,S,S,I,S,I,S,I,S,S,S,S,S,S,S,S,S,S
0.00,I,I,S,I,S,S,S,I,S,I,S,I,S,S,S,S,S,I,S,S,S,S
0.05,S,I,S,I,S,S,S,I,S,I,S,I,S,S,S,S,S,I,S,S,S,S
0.06,S,I,S,I,S,S,S,I,S,I,S,I,S,S,S,S,S,I,S,I,S,S
0.14,I,I,S,I,S,S,S,I,S,I,S,I,S,S,S,S,S,I,S,I,S,S
0.01,I,I,S,I,S,S,S,I,S,I,S,I,S,I,S,S,S,I,S,I,S,S
0.08,I,I,S,I,S,S,S,I,I,I,S,I,S,I,S,S,S,I,S,I,S,S
0.01,I,I,S,I,S,S,S,S,I,I,S,I,S,I,S,S,S,I,S,I,S,S
0.04,I,I,S,I,S,S,S,S,I,I,S,I,S,I,S,S,S,S,S,I,S,S
0.01,I,I,S,I,S,S,S,S,I,I,S,I,S,I,I,S,S,S,S,I,S,S
0.08,I,I,S,I,S,S,S,S,I,I,S,I,S,I,I,S,S,I,S,I,S,S
0.02,I,I,S,I,S,S,S,S,I,I,S,I,S,S,I,S,S,I,S,I,S,S
0.08,I,I,S,I,S,S,S,S,I,I,S,I,S,S,S,S,S,I,S,I,S,S
0.01,I,I,S,S,S,S,S,S,I,I,S,I,S,S,S,S,S,I,S,I,S,S
0.05,I,I,S,S,S,S,S,S,I,I,S,I,S,S,S,I,S,I,S,I,S,S
0.14,I,I,S,S,S,S,S,S,I,I,S,I,S,S,S,S,S,I,S,I,S,S
0.20,I,I,S,S,S,S,S,S,I,I,S,I,S,S,S,S,S,S,S,I,S,S
0.25,I,I,S,S,S,S,S,I,I,I,S,I,S,S,S,S,S,S,S,I,S,S
0.32,I,I,S,S,S,S,S,I,I,S,S,I,S,S,S,S,S,S,S,I,S,S
0.08,I,I,S,S,S,S,S,I,I,S,S,I,S,S,S,S,S,S,I,I,S,S
0.12,I,I,S,S,S,S,S,S,I,S,S,I,S,S,S,S,S,S,I,I,S,S
0.03,I,I,S,S,S,S,S,S,I,S,S,I,S,S,I,S,S,S,I,I,S,S
0.06,I,I,S,S,S,S,S,S,I,S,S,I,S,S,I,I,S,S,I,I,S,S
0.06,I,I,S,S,S,S,S,S,S,S,S,I,S,S,I,I,S,S,I,I,S,S
0.12,I,I,S,S,S,S,S,S,S,S,S,I,S,S,I,I,S,S,I,S,S,S
0.04,S,I,S,S,S,S,S,S,S,S,S,I,S,S,I,I,S,S,I,S,S,S
0.01,S,I,S,S,S,I,S,S,S,S,S,I,S,S,I,I,S,S,I,S,S,S
0.09,S,I,S,S,S,I,S,S,S,S,S,I,S,S,I,I,S,S,S,S,S,S
0.09,S,I,S,S,S,I,S,S,S,S,S,I,S,S,I,I,S,S,S,S,S,I
0.02,S,S,S,S,S,I,S,S,S,S,S,I,S,S,I,I,S,S,S,S,S,I
0.12,S,S,S,S,S,I,S,S,S,S,I,I,S,S,I,I,S,S,S,S,S,I
0.07,S,S,S,S,S,I,S,S,S,S,I,S,S,S,I,I,S,S,S,S,S,I
0.10,S,S,S,S,S,I,S,I,S,S,I,S,S,S,I,I,S,S,S,S,S,I
0.00,S,S,S,S,S,I,S,I,S,S,S,S,S,S,I,I,S,S,S,S,S,I
0.08,S,S,S,S,S,S,S,I,S,S,S,S,S,S,I,I,S,S,S,S,S,I
0.05,S,S,S,S,S,S,S,S,S,S,S,S,S,S,I,I,S,S,S,S,S,I
0.07,S,S,S,S,S,S,S,S,S,S,S,S,S,I,I,I,S,S,S,S,S,I
0.06,S,S,S,S,S,S,S,S,S,S,S,I,S,I,I,I,S,S,S,S,S,I
0.04,S,S,S,S,S,S,S,S,S,S,S,I,S,I,S,I,S,S,S,S,S,I
0.07,S,S,S,S,S,S,S,S,S,S,S,I,S,I,I,I,S,S,S,S,S,I
0.02,S,S,S,S,I,S,S,S,S,S,S,I,S,I,I,I,S,S,S,S,S,I
0.00,S,S,S,S,I,S,S,S,S,S,S,I,S,I,S,I,S,S,S,S,S,I
0.19,S,S,S,S,I,S,S,S,S,S,S,I,S,I,S,I,S,S,S,S,S,S
0.07,S,S,S,S,I,I,S,S,S,S,S,I,S,I,S,I,S,S,S,S,S,S
0.03,S,S,I,S,I,I,S,S,S,S,S,I,S,I,S,I,S,S,S,S,S,S
0.00,S,S,I,S,I,I,S,S,S,S,S,I,S,I,S,I,S,S,S,S,I,S
0.09,S,S,I,S,I,I,S,S,S,S,S,I,I,I,S,I,S,S,S,S,I,S
0.03,S,S,I,S,I,I,S,S,S,S,S,I,I,I,S,S,S,S,S,S,I,S
0.05,S,S,I,S,I,I,S,S,S,S,S,I,I,I,S,S,I,S,S,S,I,S
0.00,S,S,I,S,I,I,S,S,S,S,S,I,I,I,S,S,S,S,S,S,I,S
0.00,S,S,I,S,I,I,S,S,S,S,S,I,I,I,S,S,S,S,S,S,I,I
0.06,S,S,I,S,I,I,S,S,S,S,S,I,I,I,I,S,S,S,S,S,I,I
0.04,S,S,I,S,S,I,S,S,S,S,S,I,I,I,I,S,S,S,S,S,I,I
0.18,S,S,I,S,S,I,S,S,S,I,S,I,I,I,I,S,S,S,S,S,I,I
0.07,S,S,I,S,S,I,S,S,S,I,S,I,S,I,I,S,S,S,S,S,I,I
0.16,S,S,I,S,S,I,S,S,S,I,S,I,S,I,S,S,S,S,S,S,I,I
0.01,S,S,I,S,S,I,S,S,S,I,S,I,S,I,I,S,S,S,S,S,I,I
0.02,S,S,I,S,S,I,S,S,S,S,S,I,S,I,I,S,S,S,S,S,I,I
0.02,S,S,I,S,S,I,S,S,S,S,S,I,S,I,I,S,I,S,S,S,I,I
0.14,S,S,I,S,S,I,S,S,S,S,S,I,S,I,I,S,I,S,S,S,S,I
0.19,S,S,I,S,S,I,S,S,S,S,S,I,S,I,S,S,I,S,S,S,S,I
0.02,S,S,I,S,S,I,S,S,S,S,S,I,I,I,S,S,I,S,S,S,S,I
0.05,S,S,I,S,S,I,S,S,S,S,S,I,I,S,S,S,I,S,S,S,S,I
0.21,S,S,I,S,S,I,S,S,I,S,S,I,I,S,S,S,I,S,S,S,S,I
0.19,S,S,I,S,S,I,S,S,I,S,S,I,I,S,S,S,S,S,S,S,S,I
0.09,S,S,I,S,S,I,S,S,S,S,S,I,I,S,S,S,S,S,S,S,S,I
0.07,S,S,I,S,S,S,S,S,S,S,S,I,I,S,S,S,S,S,S,S,S,I
0.01,S,S,I,S,S,S,S,S,S,S,S,I,I,S,S,S,S,I,S,S,S,I
0.19,S,S,I,S,S,S,S,S,S,S,S,I,I,S,S,I,S,I,S,S,S,I
0.05,S,S,I,I,S,S,S,S,S,S,S,I,I,S,S,I,S,I,S,S,S,I
0.24,S,S,I,I,S,S,S,S,S,S,I,I,I,S,S,I,S,I,S,S,S,I
0.03,S,S,I,I,S,S,I,S,S,S,I,I,I,S,S,I,S,I,S,S,S,I
0.04,S,S,I,I,S,S,I,S,S,S,I,I,I,S,I,I,S,I,S,S,S,I
0.15,S,S,I,I,S,S,I,S,S,S,I,I,I,S,I,I,S,I,S,S,I,I
0.07,S,S,I,S,S,S,I,S,S,S,I,I,I,S,I,I,S,I,S,S,I,I
0.09,S,S,I,S,S,S,I,S,S,S,I,S,I,S,I,I,S,I,S,S,I,I
0.05,S,S,I,S,S,S,I,S,S,S,I,S,I,S,S,I,S,I,S,S,I,I
0.26,S,S,I,S,S,S,I,S,S,S,I,S,I,S,S,I,S,I,S,S,S,I
0.04,S,S,I,S,S,S,I,I,S,S,I,S,I,S,S,I,S,I,S,S,S,I
0.05,S,S,I,S,S,S,I,I,S,S,I,S,S,S,S,I,S,I,S,S,S,I
0.10,S,S,I,S,S,S,I,I,S,S,I,S,S,S,I,I,S,I,S,S,S,I
0.00,S,I,I,S,S,S,I,I,S,S,I,S,S,S,I,I,S,I,S,S,S,I
0.21,S,I,I,S,S,S,S,I,S,S,I,S,S,S,I,I,S,I,S,S,S,I
0.25,S,I,I,S,S,S,S,I,S,S,I,S,I,S,I,I,S,I,S,S,S,I
0.07,S,I,I,S,S,S,S,I,S,S,I,S,I,S,I,I,I,I,S,S,S,I
0.25,S,I,S,S,S,S,S,I,S,S,I,S,I,S,I,I,I,I,S,S,S,I
0.04,S,I,S,S,S,S,S,I,S,S,I,S,S,S,I,I,I,I,S,S,S,I
0.01,S,I,S,S,S,S,S,I,S,S,S,S,S,S,I,I,I,I,S,S,S,I
0.00,S,I,S,S,S,S,I,I,S,S,S,S,S,S,I,I,I,I,S,S,S,I
0.06,S,I,S,S,S,S,I,I,S,S,S,S,S,S,I,S,I,I,S,S,S,I
0.13,S,I,S,S,S,S,S,I,S,S,S,S,S,S,I,S,I,I,S,S,S,I
0.03,S,I,S,S,S,S,I,I,S,S,S,S,S,S,I,S,I,I,S,S,S,I
0.02,S,I,S,S,S,S,I,I,S,S,S,S,S,S,I,S,I,I,S,S,S,S
0.02,S,I,S,S,S,S,I,I,S,S,S,S,I,S,I,S,I,I,S,S,S,S
0.01,S,I,S,S,S,S,I,I,S,S,S,S,I,S,I,S,I,S,S,S,S,S
0.05,S,I,S,S,S,S,I,S,S,S,S,S,I,S,I,S,I,S,S,S,S,S
0.05,S,I,S,S,I,S,I,S,S,S,S,S,I,S,I,S,I,S,S,S,S,S
0.03,S,I,S,S,I,S,I,S,S,S,S,S,I,S,S,S,I,S,S,S,S,S
0.19,S,I,S,S,I,S,S,S,S,S,S,S,I,S,S,S,I,S,S,S,S,S
0.11,S,I,S,S,I,S,I,S,S,S,S,S,I,S,S,S,I,S,S,S,S,S
0.07,S,I,S,S,I,S,I,S,S,S,S,S,I,S,S,S,I,S,S,I,S,S
0.09,S,I,S,S,I,S,I,S,S,S,S,I,I,S,S,S,I,S,S,I,S,S
0.02,S,I,S,S,I,S,I,S,S,S,S,I,S,S,S,S,I,S,S,I,S,S
0.02,S,I,S,S,I,S,I,S,I,S,S,I,S,S,S,S,I,S,S,I,S,S
0.05,S,I,S,S,I,S,I,S,I,S,S,I,S,S,S,S,I,S,I,I,S,S
0.02,S,I,S,S,I,S,I,S,S,S,S,I,S,S,S,S,I,S,I,I,S,S
0.14,S,I,S,S,I,S,I,S,S,S,S,S,S,S,S,S,I,S,I,I,S,S
0.01,S,I,S,S,I,S,I,S,S,S,S,S,S,S,S,S,I,I,I,I,S,S
0.07,S,I,S,S,I,S,I,S,S,S,S,S,S,I,S,S,I,I,I,I,S,S
0.37,S,I,S,S,I,S,I,S,S,S,S,S,S,I,S,S,I,I,S,I,S,S
0.01,S,I,S,S,I,S,I,S,S,S,S,I,S,I,S,S,I,I,S,I,S,S
0.01,S,I,S,S,I,S,I,S,S,S,S,I,S,I,I,S,I,I,S,I,S,S
0.01,S,I,S,S,I,S,I,S,S,S,S,I,S,I,S,S,I,I,S,I,S,S
0.16,S,I,S,S,I,S,I,S,S,S,S,I,S,I,I,S,I,I,S,I,S,S
0.04,S,I,S,S,I,S,I,S,S,S,S,I,S,I,I,S,I,S,S,I,S,S
0.02,S,I,S,S,I,S,I,S,S,S,S,I,S,I,I,S,S,S,S,I,S,S
0.02,S,I,S,S,I,S,I,S,S,S,S,I,S,I,S,S,S,S,S,I,S,S
0.07,S,I,S,S,I,S,I,S,S,S,S,I,S,I,S,S,S,S,S,S,S,S
0.04,S,I,S,S,I,S,I,S,I,S,S,I,S,I,S,S,S,S,S,S,S,S
0.27,S,I,S,S,I,S,I,S,I,S,S,I,I,I,S,S,S,S,S,S,S,S
0.01,S,I,S,S,I,S,I,S,I,S,S,I,I,I,S,S,I,S,S,S,S,S
0.08,S,I,S,S,I,S,I,S,I,S,S,I,I,I,I,S,I,S,S,S,S,S
0.11,S,I,S,S,I,S,I,S,I,S,S,I,I,I,S,S,I,S,S,S,S,S
0.00,S,I,S,S,I,S,I,S,I,S,S,I,I,S,S,S,I,S,S,S,S,S
0.01,S,I,S,S,I,S,I,S,I,S,S,S,I,S,S,S,I,S,S,S,S,S
0.05,I,I,S,S,I,S,I,S,I,S,S,S,I,S,S,S,I,S,S,S,S,S
0.07,I,I,S,S,I,S,I,S,I,S,S,S,I,S,S,S,I,I,S,S,S,S
0.01,I,I,S,I,I,S,I,S,I,S,S,S,I,S,S,S,I,I,S,S,S,S
0.06,I,I,S,I,I,S,I,S,I,S,S,S,I,S,I,S,I,I,S,S,S,S
0.05,I,I,S,I,I,S,I,S,I,S,S,S,I,S,I,I,I,I,S,S,S,S
0.09,I,I,S,I,I,S,I,S,I,S,S,S,I,I,I,I,I,I,S,S,S,S
0.27,S,I,S,I,I,S,I,S,I,S,S,S,I,I,I,I,I,I,S,S,S,S
0.05,S,I,S,S,I,S,I,S,I,S,S,S,I,I,I,I,I,I,S,S,S,S
0.14,S,I,S,S,I,S,I,S,I,S,S,S,I,I,I,I,I,S,S,S,S,S
0.01,S,I,S,S,I,I,I,S,I,S,S,S,I,I,I,I,I,S,S,S,S,S
0.13,S,S,S,S,I,I,I,S,I,S,S,S,I,I,I,I,I,S,S,S,S,S
0.11,S,S,S,S,I,I,I,S,S,S,S,S,I,I,I,I,I,S,S,S,S,S
0.02,S,S,S,S,I,I,S,S,S,S,S,S,I,I,I,I,I,S,S,S,S,S
0.03,S,S,S,S,I,S,S,S,S,S,S,S,I,I,I,I,I,S,S,S,S,S
0.07,S,S,S,I,I,S,S,S,S,S,S,S,I,I,I,I,I,S,S,S,S,S
0.05,S,S,S,I,I,S,S,S,S,S,I,S,I,I,I,I,I,S,S,S,S,S
0.18,S,S,S,I,I,S,S,S,S,S,I,S,I,I,I,S,I,S,S,S,S,S
0.05,S,S,S,I,I,S,S,S,S,S,I,S,S,I,I,S,I,S,S,S,S,S
0.03,S,S,S,I,I,S,S,S,I,S,I,S,S,I,I,S,I,S,S,S,S,S
0.03,S,S,S,I,I,S,S,S,I,S,I,S,S,I,I,S,S,S,S,S,S,S
0.29,S,S,S,I,I,S,S,S,I,S,I,S,S,I,S,S,S,S,S,S,S,S
0.04,S,S,S,I,I,S,S,S,I,S,I,S,S,S,S,S,S,S,S,S,S,S
0.26,I,S,S,I,I,S,S,S,I,S,I,S,S,S,S,S,S,S,S,S,S,S
0.01,I,S,S,I,I,S,S,S,I,S,I,S,S,I,S,S,S,S,S,S,S,S
0.04,I,S,S,I,I,S,S,S,I,S,I,S,S,I,S,S,S,I,S,S,S,S
0.04,I,S,S,I,I,S,S,S,I,S,I,S,S,S,S,S,S,I,S,S,S,S
0.24,I,S,S,I,I,S,S,S,I,S,I,S,S,S,S,S,I,I,S,S,S,S
0.05,I,S,S,I,I,S,S,S,I,S,S,S,S,S,S,S,I,I,S,S,S,S
0.15,I,S,S,I,I,S,S,S,I,S,S,S,S,S,S,S,I,I,S,S,I,S
0.04,I,S,S,I,I,S,S,S,I,S,S,S,S,S,S,S,I,I,S,S,S,S
0.06,I,S,S,I,I,S,S,S,I,S,S,S,S,S,S,I,I,I,S,S,S,S
0.11,I,S,S,I,I,S,S,S,I,S,S,S,S,S,S,I,I,I,I,S,S,S
0.04,I,S,S,I,I,S,S,S,I,S,S,S,S,S,S,I,I,S,I,S,S,S
0.04,I,S,S,I,I,I,S,S,I,S,S,S,S,S,S,I,I,S,I,S,S,S
0.20,I,S,S,I,I,S,S,S,I,S,S,S,S,S,S,I,I,S,I,S,S,S
0.09,I,S,S,I,I,S,I,S,I,S,S,S,S,S,S,I,I,S,I,S,S,S
0.11,I,S,S,I,I,S,I,S,S,S,S,S,S,S,S,I,I,S,I,S,S,S
0.01,I,S,S,I,I,S,I,S,S,S,S,I,S,S,S,I,I,S,I,S,S,S
0.07,I,S,S,I,I,S,I,I,S,S,S,I,S,S,S,I,I,S,I,S,S,S
0.08,I,S,S,I,I,S,I,I,S,S,I,I,S,S,S,I,I,S,I,S,S,S
0.04,I,S,S,I,I,S,I,S,S,S,I,I,S,S,S,I,I,S,I,S,S,S
0.26,I,S,S,I,S,S,I,S,S,S,I,I,S,S,S,I,I,S,I,S,S,S
0.01,I,S,S,I,S,I,I,S,S,S,I,I,S,S,S,I,I,S,I,S,S,S
0.06,I,S,S,I,S,I,I,S,S,S,I,I,S,S,S,I,S,S,I,S,S,S
0.09,I,S,S,I,S,S,I,S,S,S,I,I,S,S,S,I,S,S,I,S,S,S
0.01,I,S,S,I,S,S,I,S,S,S,I,I,S,S,S,I,S,S,I,S,S,I
0.07,I,S,S,I,S,S,I,S,S,I,I,I,S,S,S,I,S,S,I,S,S,I
0.07,I,I,S,I,S,S,I,S,S,I,I,I,S,S,S,I,S,S,I,S,S,I
0.06,I,I,S,I,S,S,I,S,S,I,I,I,S,S,S,I,S,S,I,S,S,S
0.01,I,I,S,I,S,S,I,S,S,I,I,I,S,S,S,I,I,S,I,S,S,S
0.07,I,I,S,I,S,S,I,S,S,I,I,I,S,S,S,S,I,S,I,S,S,S
0.02,I,I,S,I,S,S,I,I,S,I,I,I,S,S,S,S,I,S,I,S,S,S
0.02,I,I,S,I,S,S,I,I,S,I,I,I,S,S,S,S,I,S,S,S,S,S
0.06,S,I,S,I,S,S,I,I,S,I,I,I,S,S,S,S,I,S,S,S,S,S
0.07,S,I,S,I,S,S,I,I,I,I,I,I,S,S,S,S,I,S,S,S,S,S
0.07,S,S,S,I,S,S,I,I,I,I,I,I,S,S,S,S,I,S,S,S,S,S
0.10,S,I,S,I,S,S,I,I,I,I,I,I,S,S,S,S,I,S,S,S,S,S
0.13,S,I,S,I,S,S,I,I,I,I,I,I,S,S,S,S,I,S,S,I,S,S
0.10,S,I,S,I,S,S,S,I,I,I,I,I,S,S,S,S,I,S,S,I,S,S
0.03,I,I,S,I,S,S,S,I,I,I,I,I,S,S,S,S,I,S,S,I,S,S
0.13,I,I,S,I,S,S,S,I,I,I,I,S,S,S,S,S,I,S,S,I,S,S
0.06,I,I,S,I,I,S,S,I,I,I,I,S,S,S,S,S,I,S,S,I,S,S
0.01,I,I,S,S,I,S,S,I,I,I,I,S,S,S,S,S,I,S,S,I,S,S
0.07,S,I,S,S,I,S,S,I,I,I,I,S,S,S,S,S,I,S,S,I,S,S
0.06,S,I,S,S,I,S,S,I,I,S,I,S,S,S,S,S,I,S,S,I,S,S
0.01,S,I,S,S,I,S,S,I,I,S,I,S,S,S,S,S,S,S,S,I,S,S
0.01,S,I,S,S,I,S,S,I,S,S,I,S,S,S,S,S,S,S,S,I,S,S
0.01,S,I,S,S,I,S,S,I,S,S,I,S,S,I,S,S,S,S,S,I,S,S
0.10,S,I,S,S,I,S,S,I,S,S,S,S,S,I,S,S,S,S,S,I,S,S
0.03,S,I,S,S,I,S,S,I,S,S,S,S,S,S,S,S,S,S,S,I,S,S
0.15,S,I,S,S,I,S,S,I,I,S,S,S,S,S,S,S,S,S,S,I,S,S
0.04,S,I,S,S,I,S,S,S,I,S,S,S,S,S,S,S,S,S,S,I,S,S
0.06,S,I,S,S,I,S,S,S,I,S,S,S,S,S,S,S,S,S,S,I,I,S
0.00,S,I,S,S,I,S,S,S,I,S,S,S,S,S,S,S,S,S,S,I,S,S
0.54,S,I,S,S,I,S,S,S,I,S,I,S,S,S,S,S,S,S,S,I,S,S
0.01,S,I,S,S,I,I,S,S,I,S,I,S,S,S,S,S,S,S,S,I,S,S
0.04,S,I,S,S,I,I,S,S,I,S,I,S,S,S,S,S,S,S,I,I,S,S
0.06,S,I,S,S,I,I,S,S,I,S,I,S,S,S,S,S,S,S,I,S,S,S
0.02,S,I,S,S,I,I,S,S,I,S,I,S,S,S,S,S,S,I,I,S,S,S
0.04,S,I,S,S,S,I,S,S,I,S,I,S,S,S,S,S,S,I,I,S,S,S
0.08,S,I,S,S,S,I,S,S,I,S,I,S,S,S,S,S,S,I,I,S,S,I
0.09,S,I,S,S,S,I,S,S,I,S,I,S,S,S,S,S,S,I,I,I,S,I
0.04,S,I,S,I,S,I,S,S,I,S,I,S,S,S,S,S,S,I,I,I,S,I
0.06,S,I,S,I,S,I,S,S,I,S,I,S,S,S,S,S,I,I,I,I,S,I
0.00,S,I,S,I,S,I,S,S,I,S,I,S,S,S,S,S,I,I,I,S,S,I
0.02,I,I,S,I,S,I,S,S,I,S,I,S,S,S,S,S,I,I,I,S,S,I
0.04,I,I,S,I,S,I,S,S,I,S,I,S,S,S,S,S,I,S,I,S,S,I
0.12,I,S,S,I,S,I,S,S,I,S,I,S,S,S,S,S,I,S,I,S,S,I
0.17,I,S,S,I,S,I,S,S,I,S,I,S,S,S,S,S,I,S,I,S,S,S
0.03,I,S,S,I,S,I,S,S,I,S,I,S,S,S,S,S,I,S,S,S,S,S
0.04,I,S,S,I,S,I,S,S,I,S,I,S,S,S,S,S,I,I,S,S,S,S
0.02,I,S,S,I,S,I,S,S,I,S,I,S,S,S,S,S,S,I,S,S,S,S
0.01,I,S,S,I,S,I,S,S,I,S,I,S,S,S,S,S,S,S,S,S,S,S
0.17,I,S,S,I,S,I,S,S,I,S,I,S,S,S,S,S,I,S,S,S,S,S
0.13,I,S,S,I,S,I,S,S,S,S,I,S,S,S,S,S,I,S,S,S,S,S
0.09,I,S,S,I,S,S,S,S,S,S,I,S,S,S,S,S,I,S,S,S,S,S
0.01,I,S,S,I,S,S,S,S,S,S,I,S,S,S,S,S,I,S,I,S,S,S
0.04,I,S,S,I,S,S,S,S,I,S,I,S,S,S,S,S,I,S,I,S,S,S
0.05,I,S,S,I,S,S,S,S,I,S,I,S,S,S,S,S,I,S,S,S,S,S
0.02,I,S,S,I,S,S,S,S,I,S,I,S,S,S,I,S,I,S,S,S,S,S
0.25,I,S,S,I,S,S,S,S,I,S,I,S,S,S,I,S,S,S,S,S,S,S
0.06,I,S,S,S,S,S,S,S,I,S,I,S,S,S,I,S,S,S,S,S,S,S
0.15,I,S,S,S,S,S,S,S,I,S,I,S,S,S,I,S,S,S,I,S,S,S
0.08,I,S,S,S,S,S,S,S,I,S,I,S,S,S,I,S,S,S,S,S,S,S
0.13,I,S,S,I,S,S,S,S,I,S,I,S,S,S,I,S,S,S,S,S,S,S
0.03,I,S,S,I,S,S,S,S,S,S,I,S,S,S,I,S,S,S,S,S,S,S
0.20,I,S,S,I,S,S,S,S,S,S,I,I,S,S,I,S,S,S,S,S,S,S
0.09,I,I,S,I,S,S,S,S,S,S,I,I,S,S,I,S,S,S,S,S,S,S
0.01,I,I,S,I,S,S,S,S,I,S,I,I,S,S,I,S,S,S,S,S,S,S
0.07,I,I,S,I,S,S,S,S,I,S,I,I,S,S,I,S,S,S,I,S,S,S
0.06,I,I,I,I,S,S,S,S,I,S,I,I,S,S,I,S,S,S,I,S,S,S
0.04,S,I,I,I,S,S,S,S,I,S,I,I,S,S,I,S,S,S,I,S,S,S
0.04,S,I,I,I,S,S,S,S,I,S,I,S,S,S,I,S,S,S,I,S,S,S
0.13,S,I,S,I,S,S,S,S,I,S,I,S,S,S,I,S,S,S,I,S,S,S
0.07,I,I,S,I,S,S,S,S,I,S,I,S,S,S,I,S,S,S,I,S,S,S
0.02,I,I,S,I,S,S,I,S,I,S,I,S,S,S,I,S,S,S,I,S,S,S
0.07,I,I,S,I,S,S,I,S,I,S,I,S,S,S,I,S,S,I,I,S,S,S
0.10,I,I,S,I,S,S,I,S,I,S,I,S,S,S,I,S,S,I,I,S,S,I
0.03,I,I,S,I,S,S,I,S,I,S,I,S,S,S,I,S,S,S,I,S,S,I
0.13,I,I,S,I,S,S,I,S,I,I,I,S,S,S,I,S,S,S,I,S,S,I
0.11,I,I,S,S,S,S,I,S,I,I,I,S,S,S,I,S,S,S,I,S,S,I
0.11,I,I,S,S,S,S,I,S,I,I,I,S,S,S,I,S,S,S,I,S,S,S
0.07,I,I,S,S,S,S,I,S,I,I,I,S,S,S,I,S,S,S,I,I,S,S
0.01,S,I,S,S,S,S,I,S,I,I,I,S,S,S,I,S,S,S,I,I,S,S
0.01,S,I,S,S,S,S,I,S,I,I,S,S,S,S,I,S,S,S,I,I,S,S
0.13,S,I,S,S,S,S,I,S,S,I,S,S,S,S,I,S,S,S,I,I,S,S
0.15,S,I,S,S,S,S,I,S,S,I,S,S,S,I,I,S,S,S,I,I,S,S
0.07,S,I,S,S,S,S,I,S,S,I,S,S,S,I,I,S,S,S,I,S,S,S
0.08,S,I,I,S,S,S,I,S,S,I,S,S,S,I,I,S,S,S,I,S,S,S
0.12,S,I,I,S,S,I,I,S,S,I,S,S,S,I,I,S,S,S,I,S,S,S
0.03,S,I,I,S,S,I,I,S,S,I,S,S,S,S,I,S,S,S,I,S,S,S
0.04,S,I,I,S,S,S,I,S,S,I,S,S,S,S,I,S,S,S,I,S,S,S
0.13,S,I,I,S,S,S,I,S,S,I,S,I,S,S,I,S,S,S,I,S,S,S
0.07,S,I,I,S,S,S,I,S,S,I,S,S,S,S,I,S,S,S,I,S,S,S
0.01,S,S,I,S,S,S,I,S,S,I,S,S,S,S,I,S,S,S,I,S,S,S
0.23,S,S,I,S,S,S,S,S,S,I,S,S,S,S,I,S,S,S,I,S,S,S
0.09,S,S,I,S,S,S,S,S,S,S,S,S,S,S,I,S,S,S,I,S,S,S
0.16,S,S,I,S,S,S,S,S,S,S,S,S,S,S,I,I,S,S,I,S,S,S
0.06,S,S,I,S,S,S,S,S,S,S,S,S,S,I,I,I,S,S,I,S,S,S
0.00,S,S,I,S,S,S,S,S,S,S,S,S,S,I,I,I,S,S,I,S,S,I
0.19,S,S,I,I,S,S,S,S,S,S,S,S,S,I,I,I,S,S,I,S,S,I
0.04,S,S,I,I,S,I,S,S,S,S,S,S,S,I,I,I,S,S,I,S,S,I
0.02,S,S,I,I,S,I,S,S,S,I,S,S,S,I,I,I,S,S,I,S,S,I
0.08,S,S,I,I,S,I,S,S,S,I,S,S,S,I,S,I,S,S,I,S,S,I
0.08,S,S,I,I,S,I,S,S,S,I,S,S,S,I,S,I,S,S,I,S,S,S
0.11,S,S,S,I,S,I,S,S,S,I,S,S,S,I,S,I,S,S,I,S,S,S
0.08,S,S,I,I,S,I,S,S,S,I,S,S,S,I,S,I,S,S,I,S,S,S
0.19,S,S,I,I,S,S,S,S,S,I,S,S,S,I,S,I,S,S,I,S,S,S
0.21,S,S,I,S,S,S,S,S,S,I,S,S,S,I,S,I,S,S,I,S,S,S
0.09,S,S,I,S,S,S,S,I,S,I,S,S,S,I,S,I,S,S,I,S,S,S
0.12,I,S,I,S,S,S,S,I,S,I,S,S,S,I,S,I,S,S,I,S,S,S
0.02,I,S,I,S,S,S,S,I,S,I,S,S,S,S,S,I,S,S,I,S,S,S
0.16,I,S,I,S,S,S,S,I,S,I,S,S,S,I,S,I,S,S,I,S,S,S
0.01,I,S,I,S,S,S,S,S,S,I,S,S,S,I,S,I,S,S,I,S,S,S
0.15,I,I,I,S,S,S,S,S,S,I,S,S,S,I,S,I,S,S,I,S,S,S
0.05,I,I,I,S,S,I,S,S,S,I,S,S,S,I,S,I,S,S,I,S,S,S
0.15,I,I,I,I,S,I,S,S,S,I,S,S,S,I,S,I,S,S,I,S,S,S
0.08,I,I,I,I,S,I,I,S,S,I,S,S,S,I,S,I,S,S,I,S,S,S
0.07,I,I,I,I,S,I,I,S,S,I,S,S,S,S,S,I,S,S,I,S,S,S
0.15,I,I,I,I,S,I,I,S,S,I,S,S,S,S,I,I,S,S,I,S,S,S
0.19,I,I,I,I,S,I,I,S,S,I,S,S,S,S,I,I,S,S,S,S,S,S
0.02,I,I,I,I,S,I,I,S,S,I,S,S,S,S,I,S,S,S,S,S,S,S
0.19,I,I,I,S,S,I,I,S,S,I,S,S,S,S,I,S,S,S,S,S,S,S
0.02,I,I,I,S,S,I,I,S,S,S,S,S,S,S,I,S,S,S,S,S,S,S
0.04,I,I,I,S,S,I,I,S,S,S,S,S,S,S,I,S,S,S,S,S,S,I
0.01,I,I,I,S,S,I,I,S,S,S,S,S,S,S,I,S,S,S,S,S,S,S
0.05,I,I,I,S,S,I,I,I,S,S,S,S,S,S,I,S,S,S,S,S,S,S
0.05,I,I,I,S,S,I,I,I,S,S,S,S,S,S,S,S,S,S,S,S,S,S
0.01,I,I,I,I,S,I,I,I,S,S,S,S,S,S,S,S,S,S,S,S,S,S
0.42,I,I,I,I,S,I,I,S,S,S,S,S,S,S,S,S,S,S,S,S,S,S
0.01,I,I,S,I,S,I,I,S,S,S,S,S,S,S,S,S,S,S,S,S,S,S
0.03,I,I,S,I,S,I,I,S,I,S,S,S,S,S,S,S,S,S,S,S,S,S
0.03,I,I,S,I,S,I,S,S,I,S,S,S,S,S,S,S,S,S,S,S,S,S
0.01,I,I,S,I,I,I,S,S,I,S,S,S,S,S,S,S,S,S,S,S,S,S
0.07,I,I,S,I,I,I,S,S,I,S,S,S,S,S,S,I,S,S,S,S,S,S
0.20,I,I,S,I,I,I,S,S,I,I,S,S,S,S,S,I,S,S,S,S,S,S
0.02,S,I,S,I,I,I,S,S,I,I,S,S,S,S,S,I,S,S,S,S,S,S
0.05,S,I,S,I,I,S,S,S,I,I,S,S,S,S,S,I,S,S,S,S,S,S
0.01,S,I,S,I,I,S,S,S,S,I,S,S,S,S,S,I,S,S,S,S,S,S
0.01,S,I,S,I,I,S,S,I,S,I,S,S,S,S,S,I,S,S,S,S,S,S
0.01,S,I,S,I,I,S,S,I,I,I,S,S,S,S,S,I,S,S,S,S,S,S
0.12,S,I,S,I,I,S,S,I,I,I,S,I,S,S,S,I,S,S,S,S,S,S
0.00,S,I,S,I,I,S,S,I,I,I,S,S,S,S,S,I,S,S,S,S,S,S
0.12,S,I,S,I,S,S,S,I,I,I,S,S,S,S,S,I,S,S,S,S,S,S
0.02,S,I,S,I,S,S,S,S,I,I,S,S,S,S,S,I,S,S,S,S,S,S
0.20,S,I,S,I,S,S,S,S,I,I,S,S,S,S,S,I,S,S,S,I,S,S
0.20,S,I,S,S,S,S,S,S,I,I,S,S,S,S,S,I,S,S,S,I,S,S
0.01,S,I,S,S,I,S,S,S,I,I,S,S,S,S,S,I,S,S,S,I,S,S
0.00,S,I,S,S,I,S,S,S,I,I,S,I,S,S,S,I,S,S,S,I,S,S
0.04,S,I,S,S,I,S,I,S,I,I,S,I,S,S,S,I,S,S,S,I,S,S
0.10,S,S,S,S,I,S,I,S,I,I,S,I,S,S,S,I,S,S,S,I,S,S
0.10,S,S,S,S,I,S,I,S,I,I,S,I,S,S,S,I,S,S,S,S,S,S
0.02,S,S,S,S,I,S,I,S,I,S,S,I,S,S,S,I,S,S,S,S,S,S
0.27,S,S,S,S,I,S,I,S,I,S,S,I,S,S,S,I,I,S,S,S,S,S
0.00,S,S,S,I,I,S,I,S,I,S,S,I,S,S,S,I,I,S,S,S,S,S
0.04,I,S,S,I,I,S,I,S,I,S,S,I,S,S,S,I,I,S,S,S,S,S
0.02,I,S,S,S,I,S,I,S,I,S,S,I,S,S,S,I,I,S,S,S,S,S
0.05,I,S,S,S,I,S,I,I,I,S,S,I,S,S,S,I,I,S,S,S,S,S
0.09,I,S,S,I,I,S,I,I,I,S,S,I,S,S,S,I,I,S,S,S,S,S
0.26,I,S,S,I,I,S,I,I,I,S,S,S,S,S,S,I,I,S,S,S,S,S
0.00,I,S,S,I,I,S,I,I,I,S,S,S,S,S,S,S,I,S,S,S,S,S
0.00,I,I,S,I,I,S,I,I,I,S,S,S,S,S,S,S,I,S,S,S,S,S
0.06,I,I,S,I,I,S,I,I,I,S,S,S,S,S,S,I,I,S,S,S,S,S
0.04,I,I,I,I,I,S,I,I,I,S,S,S,S,S,S,I,I,S,S,S,S,S
0.05,I,I,I,I,I,S,I,I,I,S,S,S,S,S,I,I,I,S,S,S,S,S
0.06,I,I,S,I,I,S,I,I,I,S,S,S,S,S,I,I,I,S,S,S,S,S
0.03,I,I,S,I,I,S,I,I,I,S,S,S,S,S,I,I,S,S,S,S,S,S
0.11,I,I,S,I,I,S,I,I,I,S,S,S,S,S,I,S,S,S,S,S,S,S
0.04,S,I,S,I,I,S,I,I,I,S,S,S,S,S,I,S,S,S,S,S,S,S
0.01,S,I,I,I,I,S,I,I,I,S,S,S,S,S,I,S,S,S,S,S,S,S
0.03,S,I,I,I,I,S,I,I,I,S,S,S,S,S,I,S,S,S,I,S,S,S
0.05,S,I,I,I,I,S,I,I,I,S,S,S,S,S,I,S,I,S,I,S,S,S
0.15,S,I,I,I,S,S,I,I,I,S,S,S,S,S,I,S,I,S,I,S,S,S
0.01,S,I,I,I,S,S,S,I,I,S,S,S,S,S,I,S,I,S,I,S,S,S
0.04,S,I,I,I,S,S,S,I,I,S,S,S,S,S,I,S,I,S,S,S,S,S
0.01,S,I,I,I,S,S,S,I,I,S,S,S,S,S,I,S,I,S,S,I,S,S
0.00,S,I,I,I,S,S,S,I,I,S,S,S,S,S,I,S,I,S,I,I,S,S
0.06,S,I,I,I,S,S,I,I,I,S,S,S,S,S,I,S,I,S,I,I,S,S
0.13,S,I,I,I,S,S,I,I,I,I,S,S,S,S,I,S,I,S,I,I,S,S
0.09,S,I,I,I,S,S,I,I,I,I,S,S,S,S,I,S,S,S,I,I,S,S
0.16,S,I,S,I,S,S,I,I,I,I,S,S,S,S,I,S,S,S,I,I,S,S
0.07,S,I,S,I,S,S,I,I,I,I,S,S,S,S,I,S,S,S,I,I,I,S
0.02,S,I,S,S,S,S,I,I,I,I,S,S,S,S,I,S,S,S,I,I,I,S
0.03,S,I,S,S,S,S,I,I,I,I,S,S,S,S,I,S,S,S,I,S,I,S
0.05,S,I,S,S,S,S,I,I,I,I,S,S,S,I,I,S,S,S,I,S,I,S
0.06,S,I,S,S,S,S,I,S,I,I,S,S,S,I,I,S,S,S,I,S,I,S
0.22,S,S,S,S,S,S,I,S,I,I,S,S,S,I,I,S,S,S,I,S,I,S
0.20,S,S,S,S,S,S,S,S,I,I,S,S,S,I,I,S,S,S,I,S,I,S
0.06,S,S,S,S,S,S,S,S,I,I,S,S,S,I,I,S,S,S,I,S,S,S
0.17,S,S,I,S,S,S,S,S,I,I,S,S,S,I,I,S,S,S,I,S,S,S
0.33,S,S,I,S,S,S,S,S,I,I,S,S,S,I,S,S,S,S,I,S,S,S
0.02,I,S,I,S,S,S,S,S,I,I,S,S,S,I,S,S,S,S,I,S,S,S
0.01,I,S,S,S,S,S,S,S,I,I,S,S,S,I,S,S,S,S,I,S,S,S
0.00,I,S,S,S,S,S,S,S,I,S,S,S,S,I,S,S,S,S,I,S,S,S
0.34,I,S,S,S,S,S,S,S,I,S,S,S,S,I,S,S,S,I,I,S,S,S
0.11,I,S,S,S,S,S,I,S,I,S,S,S,S,I,S,S,S,I,I,S,S,S
0.07,I,S,S,S,S,S,S,S,I,S,S,S,S,I,S,S,S,I,I,S,S,S
0.09,S,S,S,S,S,S,S,S,I,S,S,S,S,I,S,S,S,I,I,S,S,S
0.05,S,S,S,S,S,S,S,S,I,S,S,S,S,I,S,S,S,I,S,S,S,S
0.02,S,S,I,S,S,S,S,S,I,S,S,S,S,I,S,S,S,I,S,S,S,S
0.05,S,S,I,S,S,S,S,S,I,S,S,S,S,I,S,S,S,I,I,S,S,S
0.13,S,S,I,S,S,S,S,S,I,S,S,I,S,I,S,S,S,I,I,S,S,S
0.13,S,S,I,S,S,S,S,S,I,S,S,I,S,I,S,S,S,I,S,S,S,S
0.02,S,S,I,S,S,S,S,S,I,I,S,I,S,I,S,S,S,I,S,S,S,S
0.37,S,S,I,S,S,S,I,S,I,I,S,I,S,I,S,S,S,I,S,S,S,S
0.03,S,S,I,S,S,S,S,S,I,I,S,I,S,I,S,S,S,I,S,S,S,S
0.14,S,S,I,S,S,S,S,S,I,I,S,I,S,I,S,I,S,I,S,S,S,S
0.03,S,S,S,S,S,S,S,S,I,I,S,I,S,I,S,I,S,I,S,S,S,S
0.10,S,S,S,S,S,S,S,S,I,I,S,I,S,I,I,I,S,I,S,S,S,S
0.17,S,S,S,S,S,S,S,S,I,S,S,I,S,I,I,I,S,I,S,S,S,S
0.02,S,S,S,S,S,S,S,S,S,S,S,I,S,I,I,I,S,I,S,S,S,S
0.32,S,S,S,S,S,S,S,I,S,S,S,I,S,I,I,I,S,I,S,S,S,S
0.05,S,S,I,S,S,S,S,I,S,S,S,I,S,I,I,I,S,I,S,S,S,S
0.01,S,S,I,S,S,S,S,I,S,S,S,I,S,I,I,I,S,S,S,S,S,S
0.13,S,S,I,S,S,S,S,I,S,S,S,I,I,I,I,I,S,S,S,S,S,S
0.11,S,S,I,S,S,S,S,I,S,S,S,I,I,I,I,I,S,S,S,S,S,I
0.01,S,S,I,S,S,S,S,I,S,S,S,I,I,I,S,I,S,S,S,S,S,I
0.00,S,S,I,S,S,S,S,I,S,S,S,I,I,I,S,I,S,I,S,S,S,I
0.05,S,S,I,S,S,S,S,I,S,S,S,I,I,I,S,S,S,I,S,S,S,I
0.02,S,S,I,S,S,S,S,I,S,S,S,I,I,I,S,S,S,I,S,S,S,S
0.04,S,S,I,I,S,S,S,I,S,S,S,I,I,I,S,S,S,I,S,S,S,S
0.05,S,S,I,I,S,S,S,S,S,S,S,I,I,I,S,S,S,I,S,S,S,S
0.02,S,S,I,S,S,S,S,S,S,S,S,I,I,I,S,S,S,I,S,S,S,S
0.08,S,S,I,S,S,S,S,I,S,S,S,I,I,I,S,S,S,I,S,S,S,S
0.15,S,S,I,S,S,S,S,I,S,S,S,I,I,I,S,S,S,S,S,S,S,S
0.04,S,S,I,S,S,S,S,I,S,S,S,S,I,I,S,S,S,S,S,S,S,S
0.01,S,S,I,S,S,S,S,I,S,S,S,S,I,S,S,S,S,S,S,S,S,S
0.13,S,S,I,S,S,S,S,S,S,S,S,S,I,S,S,S,S,S,S,S,S,S
0.01,I,S,I,S,S,S,S,S,S,S,S,S,I,S,S,S,S,S,S,S,S,S
0.02,I,S,I,S,S,S,S,S,S,S,S,S,S,S,S,S,S,S,S,S,S,S
0.15,I,S,S,S,S,S,S,S,S,S,S,S,S,S,S,S,S,S,S,S,S,S
0.13,I,S,S,S,S,S,S,S,S,S,S,S,S,S,S,I,S,S,S,S,S,S
0.08,I,S,I,S,S,S,S,S,S,S,S,S,S,S,S,I,S,S,S,S,S,S
0.05,I,S,I,S,S,S,S,S,S,S,I,S,S,S,S,I,S,S,S,S,S,S
0.00,I,S,I,S,S,S,S,S,S,S,I,S,S,S,S,I,S,I,S,S,S,S
0.35,I,S,S,S,S,S,S,S,S,S,I,S,S,S,S,I,S,I,S,S,S,S
0.10,I,S,S,S,S,S,S,S,S,S,I,S,S,S,S,I,S,S,S,S,S,S
0.02,I,S,S,S,S,S,S,S,S,S,S,S,S,S,S,I,S,S,S,S,S,S
0.13,I,S,S,S,S,S,I,S,S,S,S,S,S,S,S,I,S,S,S,S,S,S
0.06,I,S,S,S,S,S,I,S,S,S,S,S,S,S,S,S,S,S,S,S,S,S
0.07,I,I,S,S,S,S,I,S,S,S,S,S,S,S,S,S,S,S,S,S,S,S
0.19,I,S,S,S,S,S,I,S,S,S,S,S,S,S,S,S,S,S,S,S,S,S
0.03,I,S,S,S,S,S,I,S,S,S,S,S,S,S,S,S,S,S,S,I,S,S
0.03,I,S,S,S,S,S,I,S,S,S,S,S,S,I,S,S,S,S,S,I,S,S
0.08,I,S,I,S,S,S,I,S,S,S,S,S,S,I,S,S,S,S,S,I,S,S
0.08,I,S,I,I,S,S,I,S,S,S,S,S,S,I,S,S,S,S,S,I,S,S
0.09,I,S,S,I,S,S,I,S,S,S,S,S,S,I,S,S,S,S,S,I,S,S
0.02,I,S,S,S,S,S,I,S,S,S,S,S,S,I,S,S,S,S,S,I,S,S
0.03,I,S,S,S,S,S,I,S,S,S,S,S,S,S,S,S,S,S,S,I,S,S
0.00,I,S,S,S,I,S,I,S,S,S,S,S,S,S,S,S,S,S,S,I,S,S
0.06,I,S,S,S,I,S,I,S,S,S,S,S,S,S,S,S,S,S,S,S,S,S
0.03,I,S,S,S,I,S,I,S,S,S,I,S,S,S,S,S,S,S,S,S,S,S
0.08,I,S,S,S,I,S,I,S,S,S,I,S,S,I,S,S,S,S,S,S,S,S
0.01,I,S,S,S,I,S,I,S,S,S,I,S,S,I,I,S,S,S,S,S,S,S
0.01,I,S,S,S,I,S,I,S,S,S,I,S,S,I,I,S,S,I,S,S,S,S
0.27,I,S,S,S,I,S,I,I,S,S,I,S,S,I,I,S,S,I,S,S,S,S
0.05,I,S,S,S,I,S,I,I,S,S,I,S,I,I,I,S,S,I,S,S,S,S
0.04,I,S,S,S,I,S,S,I,S,S,I,S,I,I,I,S,S,I,S,S,S,S
0.30,I,I,S,S,I,S,S,I,S,S,I,S,I,I,I,S,S,I,S,S,S,S
0.04,I,I,S,S,I,S,I,I,S,S,I,S,I,I,I,S,S,I,S,S,S,S
0.03,I,I,S,S,I,S,I,S,S,S,I,S,I,I,I,S,S,I,S,S,S,S
0.05,I,I,S,S,I,S,S,S,S,S,I,S,I,I,I,S,S,I,S,S,S,S
0.06,I,I,S,S,I,S,I,S,S,S,I,S,I,I,I,S,S,I,S,S,S,S
0.05,I,I,S,S,I,S,I,S,S,S,I,S,I,I,I,S,S,S,S,S,S,S
0.14,I,I,S,S,I,S,I,S,S,S,I,S,I,S,I,S,S,S,S,S,S,S
0.04,I,I,S,S,S,S,I,S,S,S,I,S,I,S,I,S,S,S,S,S,S,S
0.06,I,I,S,S,S,S,I,S,S,S,I,I,I,S,I,S,S,S,S,S,S,S
0.00,S,I,S,S,S,S,I,S,S,S,I,I,I,S,I,S,S,S,S,S,S,S
0.07,S,I,S,S,S,S,I,S,S,S,I,I,S,S,I,S,S,S,S,S,S,S
0.02,S,I,S,S,S,S,S,S,S,S,I,I,S,S,I,S,S,S,S,S,S,S
0.08,S,I,S,S,S,S,S,S,S,S,I,I,S,S,I,S,S,S,I,S,S,S
0.19,S,I,S,S,S,S,S,S,S,S,I,I,S,S,I,S,S,S,I,I,S,S
0.02,S,I,S,S,S,S,S,S,S,I,I,I,S,S,I,S,S,S,I,I,S,S
0.02,S,S,S,S,S,S,S,S,S,I,I,I,S,S,I,S,S,S,I,I,S,S
0.03,S,S,S,S,S,S,S,S,S,I,I,I,S,S,I,S,S,S,I,S,S,S
0.19,S,S,S,S,S,S,S,S,S,I,I,I,S,S,S,S,S,S,I,S,S,S
0.05,S,S,S,I,S,S,S,S,S,I,I,I,S,S,S,S,S,S,I,S,S,S
0.06,S,S,S,I,S,S,S,S,S,S,I,I,S,S,S,S,S,S,I,S,S,S
0.02,I,S,S,I,S,S,S,S,S,S,I,I,S,S,S,S,S,S,I,S,S,S
0.09,I,S,S,I,S,S,S,S,S,S,S,I,S,S,S,S,S,S,I,S,S,S
0.03,I,S,S,I,S,S,S,S,S,S,S,I,S,I,S,S,S,S,I,S,S,S
0.04,I,I,S,I,S,S,S,S,S,S,S,I,S,I,S,S,S,S,I,S,S,S
0.11,I,I,S,I,S,S,S,S,S,S,S,I,S,I,S,S,I,S,I,S,S,S
0.04,I,I,S,I,S,S,S,S,S,S,S,S,S,I,S,S,I,S,I,S,S,S
0.06,I,I,S,I,S,S,S,S,S,S,S,S,S,I,S,S,I,S,I,S,I,S
0.05,I,S,S,I,S,S,S,S,S,S,S,S,S,I,S,S,I,S,I,S,I,S
0.08,S,S,S,I,S,S,S,S,S,S,S,S,S,I,S,S,I,S,I,S,I,S
0.06,S,S,S,I,S,S,I,S,S,S,S,S,S,I,S,S,I,S,I,S,I,S
0.12,S,S,S,I,S,S,I,S,S,S,S,S,S,I,S,S,I,S,I,S,S,S
0.07,S,S,S,I,S,S,I,S,S,S,S,S,S,I,S,S,S,S,I,S,S,S
0.06,S,S,S,I,S,S,I,S,S,S,S,S,S,I,S,S,S,I,I,S,S,S
0.02,S,S,S,I,S,S,I,S,S,I,S,S,S,I,S,S,S,I,I,S,S,S
0.19,S,S,S,S,S,S,I,S,S,I,S,S,S,I,S,S,S,I,I,S,S,S
0.05,S,S,S,S,S,S,I,S,S,I,S,S,S,I,S,S,S,S,I,S,S,S
0.01,S,S,S,S,S,S,I,S,S,I,S,S,S,I,I,S,S,S,I,S,S,S
0.29,S,S,S,S,S,S,S,S,S,I,S,S,S,I,I,S,S,S,I,S,S,S
0.01,S,S,S,S,S,S,S,S,S,I,S,S,S,S,I,S,S,S,I,S,S,S
0.04,S,S,S,S,S,I,S,S,S,I,S,S,S,S,I,S,S,S,I,S,S,S
0.02,S,S,S,I,S,I,S,S,S,I,S,S,S,S,I,S,S,S,I,S,S,S
0.17,S,I,S,I,S,I,S,S,S,I,S,S,S,S,I,S,S,S,I,S,S,S
0.15,S,I,S,I,I,I,S,S,S,I,S,S,S,S,I,S,S,S,I,S,S,S
0.11,I,I,S,I,I,I,S,S,S,I,S,S,S,S,I,S,S,S,I,S,S,S
0.05,I,I,S,I,S,I,S,S,S,I,S,S,S,S,I,S,S,S,I,S,S,S
0.14,I,I,S,I,S,I,S,S,S,I,S,S,S,S,I,S,S,S,I,I,S,S
0.05,I,I,S,I,S,I,S,I,S,I,S,S,S,S,I,S,S,S,I,I,S,S
0.07,I,I,S,I,S,I,S,S,S,I,S,S,S,S,I,S,S,S,I,I,S,S
0.07,I,S,S,I,S,I,S,S,S,I,S,S,S,S,I,S,S,S,I,I,S,S
0.01,I,S,S,I,S,I,S,I,S,I,S,S,S,S,I,S,S,S,I,I,S,S
0.07,I,S,S,I,S,I,S,I,S,I,S,S,S,S,I,S,S,S,I,S,S,S
0.04,I,S,S,I,S,I,S,I,S,I,S,S,S,S,I,S,S,S,I,S,S,I
0.00,S,S,S,I,S,I,S,I,S,I,S,S,S,S,I,S,S,S,I,S,S,I
0.13,S,S,S,S,S,I,S,I,S,I,S,S,S,S,I,S,S,S,I,S,S,I
0.02,S,S,S,S,S,S,S,I,S,I,S,S,S,S,I,S,S,S,I,S,S,I
0.06,S,S,I,S,S,S,S,I,S,I,S,S,S,S,I,S,S,S,I,S,S,I
0.02,S,S,I,S,S,S,S,I,S,I,S,S,S,S,S,S,S,S,I,S,S,I
0.05,S,S,I,S,S,S,S,I,S,S,S,S,S,S,S,S,S,S,I,S,S,I
0.13,S,S,I,S,S,S,S,I,S,S,S,S,S,S,S,S,I,S,I,S,S,I
0.11,S,S,I,S,S,S,S,I,S,S,S,S,S,S,S,S,S,S,I,S,S,I
0.07,S,S,I,S,S,I,S,I,S,S,S,S,S,S,S,S,S,S,I,S,S,I
0.06,S,S,I,S,S,I,S,I,S,S,S,S,S,S,S,S,S,S,I,I,S,I
0.06,S,S,I,S,S,S,S,I,S,S,S,S,S,S,S,S,S,S,I,I,S,I
0.01,S,S,S,S,S,S,S,I,S,S,S,S,S,S,S,S,S,S,I,I,S,I
0.10,S,S,S,S,I,S,S,I,S,S,S,S,S,S,S,S,S,S,I,I,S,I
0.07,S,S,I,S,I,S,S,I,S,S,S,S,S,S,S,S,S,S,I,I,S,I
0.02,S,S,I,S,I,S,S,I,S,S,S,I,S,S,S,S,S,S,I,I,S,I
0.03,I,S,I,S,I,S,S,I,S,S,S,I,S,S,S,S,S,S,I,I,S,I
0.08,I,S,I,S,I,S,S,I,S,S,S,I,S,S,S,I,S,S,I,I,S,I
0.07,I,S,I,S,I,S,S,I,S,S,S,I,S,I,S,I,S,S,I,I,S,I
0.07,I,I,I,S,I,S,S,I,S,S,S,I,S,I,S,I,S,S,I,I,S,I
0.00,I,S,I,S,I,S,S,I,S,S,S,I,S,I,S,I,S,S,I,I,S,I
0.00,I,S,I,S,I,S,S,I,S,S,S,I,S,I,S,I,S,S,I,S,S,I
0.07,I,S,I,S,I,S,S,I,S,S,S,I,S,S,S,I,S,S,I,S,S,I
0.03,I,S,I,S,I,S,S,I,I,S,S,I,S,S,S,I,S,S,I,S,S,I
0.01,I,S,I,S,I,S,S,I,S,S,S,I,S,S,S,I,S,S,I,S,S,I
0.10,I,S,I,S,I,S,S,I,I,S,S,I,S,S,S,I,S,S,I,S,S,I
0.11,I,S,I,S,I,S,S,I,I,S,S,I,I,S,S,I,S,S,I,S,S,I
0.18,I,S,I,S,I,I,S,I,I,S,S,I,I,S,S,I,S,S,I,S,S,I
0.08,I,S,I,S,I,I,S,I,I,S,S,I,S,S,S,I,S,S,I,S,S,I
0.01,I,S,I,S,I,S,S,I,I,S,S,I,S,S,S,I,S,S,I,S,S,I
0.03,I,S,I,S,I,S,S,I,I,S,S,I,S,S,S,I,S,S,I,I,S,I
0.10,I,S,I,S,I,S,S,I,I,S,S,I,S,S,S,I,S,S,I,S,S,I
0.08,I,S,I,S,I,S,S,I,I,S,S,S,S,S,S,I,S,S,I,S,S,I
0.02,I,S,I,I,I,S,S,I,I,S,S,S,S,S,S,I,S,S,I,S,S,I
0.06,I,S,I,I,I,S,S,I,S,S,S,S,S,S,S,I,S,S,I,S,S,I
0.14,I,S,I,I,I,S,S,I,S,S,S,S,I,S,S,I,S,S,I,S,S,I
0.02,I,S,I,I,S,S,S,I,S,S,S,S,I,S,S,I,S,S,I,S,S,I
0.01,I,S,S,I,S,S,S,I,S,S,S,S,I,S,S,I,S,S,I,S,S,I
0.07,I,S,S,I,S,S,S,I,S,S,S,S,I,S,S,I,S,S,I,S,S,S
0.18,I,S,S,I,S,S,S,I,S,S,S,S,I,S,S,I,S,S,I,S,I,S
0.15,I,S,S,I,S,S,S,I,S,S,I,S,I,S,S,I,S,S,I,S,I,S
0.15,I,S,S,I,S,S,S,I,S,S,I,S,S,S,S,I,S,S,I,S,I,S
0.09,I,S,S,I,S,S,S,I,S,S,I,S,S,S,S,I,S,S,I,S,I,I
0.12,I,S,S,S,S,S,S,I,S,S,I,S,S,S,S,I,S,S,I,S,I,I
0.04,I,S,S,S,S,S,S,I,S,S,S,S,S,S,S,I,S,S,I,S,I,I
0.17,I,S,S,S,S,S,S,I,S,S,S,S,S,S,S,I,S,S,I,S,I,S
0.01,I,S,S,S,S,S,S,I,S,S,S,S,S,S,S,I,S,S,I,I,I,S
0.07,I,S,S,S,S,S,S,I,S,S,S,S,S,S,S,I,S,I,I,I,I,S
0.00,I,S,S,S,S,S,S,I,S,S,S,S,S,S,I,I,S,I,I,I,I,S
0.08,I,S,S,S,I,S,S,I,S,S,S,S,S,S,I,I,S,I,I,I,I,S
0.06,I,S,S,S,I,S,S,I,S,S,S,S,S,S,S,I,S,I,I,I,I,S
0.05,I,S,S,S,I,S,S,S,S,S,S,S,S,S,S,I,S,I,I,I,I,S
0.44,I,S,S,S,I,S,S,S,S,S,S,S,S,S,S,I,S,S,I,I,I,S
0.04,I,S,S,S,I,S,S,S,S,S,S,S,S,S,I,I,S,S,I,I,I,S
0.10,I,I,S,S,I,S,S,S,S,S,S,S,S,S,I,I,S,S,I,I,I,S
0.08,I,I,S,S,I,S,S,S,S,S,S,S,S,S,I,S,S,S,I,I,I,S
0.03,I,I,S,S,I,S,S,S,S,S,S,S,S,S,S,S,S,S,I,I,I,S
0.04,I,I,S,S,I,S,S,S,S,S,S,S,S,S,S,S,S,S,S,I,I,S
0.19,I,I,S,S,I,S,S,S,S,S,S,I,S,S,S,S,S,S,S,I,I,S
0.00,I,I,S,S,I,S,S,S,S,S,S,I,S,S,S,S,S,S,S,I,S,S
0.03,I,I,S,S,I,S,S,S,S,S,S,I,S,S,S,S,S,S,S,I,S,I
0.01,I,I,S,S,I,S,S,S,S,S,S,I,S,S,S,S,S,I,S,I,S,I
0.08,I,I,S,S,I,S,I,S,S,S,S,I,S,S,S,S,S,I,S,I,S,I
0.06,I,I,S,S,I,S,I,S,S,S,S,I,S,S,S,S,S,I,I,I,S,I
0.03,I,I,S,S,I,S,I,S,S,S,S,I,S,I,S,S,S,I,I,I,S,I
0.11,I,I,S,S,I,S,I,S,S,S,S,I,S,I,S,S,S,I,I,S,S,I
0.03,I,I,S,S,I,S,I,S,S,I,S,I,S,I,S,S,S,I,I,S,S,I
0.03,I,I,S,S,S,S,I,S,S,I,S,I,S,I,S,S,S,I,I,S,S,I
0.09,I,I,S,S,S,S,I,S,S,I,S,I,S,I,S,S,S,I,I,S,S,S
0.07,I,I,S,S,S,S,S,S,S,I,S,I,S,I,S,S,S,I,I,S,S,S
0.10,I,I,S,S,S,S,S,S,S,I,S,I,S,I,S,S,S,S,I,S,S,S
0.10,I,I,S,S,S,S,S,S,S,I,S,I,S,I,S,S,I,S,I,S,S,S
0.02,I,I,S,S,S,S,S,S,S,I,S,I,S,I,S,S,I,S,S,S,S,S
0.02,I,I,S,S,S,S,S,S,S,I,S,I,S,S,S,S,I,S,S,S,S,S
0.20,I,I,S,S,S,S,S,S,S,I,S,I,S,S,S,S,I,S,S,I,S,S
0.03,I,I,S,S,S,S,S,I,S,I,S,I,S,S,S,S,I,S,S,I,S,S
0.02,I,I,S,S,S,S,S,I,S,I,S,S,S,S,S,S,I,S,S,I,S,S
0.00,I,I,S,S,S,S,S,I,I,I,S,S,S,S,S,S,I,S,S,I,S,S
0.01,I,I,S,S,S,S,S,I,S,I,S,S,S,S,S,S,I,S,S,I,S,S
0.01,I,I,S,S,S,S,S,I,S,S,S,S,S,S,S,S,I,S,S,I,S,S
0.14,I,I,S,S,S,S,S,I,S,S,S,S,S,S,I,S,I,S,S,I,S,S
0.02,I,I,S,S,S,S,S,I,S,S,S,S,I,S,I,S,I,S,S,I,S,S
0.07,I,I,S,S,S,S,S,S,S,S,S,S,I,S,I,S,I,S,S,I,S,S
0.09,I,I,S,S,S,S,S,S,S,S,S,S,S,S,I,S,I,S,S,I,S,S
0.08,I,I,S,S,S,S,S,S,S,S,S,S,S,S,I,S,I,S,S,S,S,S
0.16,S,I,S,S,S,S,S,S,S,S,S,S,S,S,I,S,I,S,S,S,S,S
0.41,S,I,S,S,S,S,I,S,S,S,S,S,S,S,I,S,I,S,S,S,S,S
0.11,S,I,S,S,S,S,I,S,S,S,S,S,S,S,I,S,I,S,S,I,S,S
0.06,S,I,S,S,S,S,I,S,S,S,S,S,S,S,I,I,I,S,S,I,S,S
0.08,S,I,S,S,S,S,I,I,S,S,S,S,S,S,I,I,I,S,S,I,S,S
0.11,S,I,S,S,S,S,I,I,S,S,S,S,I,S,I,I,I,S,S,I,S,S
0.02,S,I,S,S,S,I,I,I,S,S,S,S,I,S,I,I,I,S,S,I,S,S
0.02,S,I,S,S,S,S,I,I,S,S,S,S,I,S,I,I,I,S,S,I,S,S
0.13,S,I,S,S,S,S,I,I,S,S,S,S,I,S,I,S,I,S,S,I,S,S
0.00,S,I,I,S,S,S,I,I,S,S,S,S,I,S,I,S,I,S,S,I,S,S
0.03,S,I,I,S,S,S,I,I,S,S,S,S,I,S,I,S,I,S,S,I,S,I
0.01,S,I,I,S,S,S,I,I,S,S,S,S,I,S,I,S,I,S,S,S,S,I
0.10,S,I,I,S,S,S,S,I,S,S,S,S,I,S,I,S,I,S,S,S,S,I
0.13,S,S,I,S,S,S,S,I,S,S,S,S,I,S,I,S,I,S,S,S,S,I
0.03,S,S,I,S,S,S,S,I,S,S,S,S,I,S,I,S,I,S,S,S,S,S
0.07,S,S,I,S,S,S,S,I,S,S,S,S,I,S,S,S,I,S,S,S,S,S
0.10,S,S,I,S,S,S,S,I,S,S,S,S,I,S,S,S,I,S,S,I,S,S
0.16,S,S,I,S,S,S,S,I,S,S,S,I,I,S,S,S,I,S,S,I,S,S
0.18,S,S,I,S,S,S,S,I,S,S,S,S,I,S,S,S,I,S,S,I,S,S
0.17,S,S,I,S,S,S,S,I,I,S,S,S,I,S,S,S,I,S,S,I,S,S
0.02,S,S,I,S,S,I,S,I,I,S,S,S,I,S,S,S,I,S,S,I,S,S
0.02,S,S,I,S,S,I,S,I,I,S,S,S,I,S,S,S,I,S,I,I,S,S
0.20,S,S,I,S,S,I,S,I,S,S,S,S,I,S,S,S,I,S,I,I,S,S
0.06,S,S,I,S,S,I,S,S,S,S,S,S,I,S,S,S,I,S,I,I,S,S
0.17,S,S,I,S,S,I,S,S,S,S,S,S,S,S,S,S,I,S,I,I,S,S
0.16,S,S,I,S,I,I,S,S,S,S,S,S,S,S,S,S,I,S,I,I,S,S
0.03,S,S,I,S,I,I,S,S,S,S,S,S,S,S,S,S,I,S,I,S,S,S
0.10,S,S,S,S,I,I,S,S,S,S,S,S,S,S,S,S,I,S,I,S,S,S
0.02,S,S,S,S,I,I,S,S,S,I,S,S,S,S,S,S,I,S,I,S,S,S
0.04,S,S,S,S,I,I,S,S,S,I,S,I,S,S,S,S,I,S,I,S,S,S
0.09,S,S,I,S,I,I,S,S,S,I,S,I,S,S,S,S,I,S,I,S,S,S
0.05,S,S,I,S,I,I,S,S,S,I,S,I,S,S,S,S,S,S,I,S,S,S
0.04,S,S,I,S,I,I,I,S,S,I,S,I,S,S,S,S,S,S,I,S,S,S
0.03,S,S,I,S,I,I,I,S,I,I,S,I,S,S,S,S,S,S,I,S,S,S
0.07,I,S,I,S,I,I,I,S,I,I,S,I,S,S,S,S,S,S,I,S,S,S
0.03,I,S,I,S,I,I,I,S,I,I,S,I,S,S,S,S,S,S,I,S,S,I
0.10,I,S,I,I,I,I,I,S,I,I,S,I,S,S,S,S,S,S,I,S,S,I
0.06,I,S,I,I,I,I,I,S,I,I,S,I,S,S,S,S,S,S,I,I,S,I
0.16,I,S,I,S,I,I,I,S,I,I,S,I,S,S,S,S,S,S,I,I,S,I
0.06,I,S,I,S,I,I,S,S,I,I,S,I,S,S,S,S,S,S,I,I,S,I
0.14,I,S,I,S,I,I,S,S,I,I,S,I,S,S,S,S,S,S,I,I,S,S
0.00,I,S,I,S,I,I,S,S,I,I,S,S,S,S,S,S,S,S,I,I,S,S
0.05,I,S,I,S,I,I,S,S,S,I,S,S,S,S,S,S,S,S,I,I,S,S
0.04,I,S,I,S,S,I,S,S,S,I,S,S,S,S,S,S,S,S,I,I,S,S
0.00,I,S,I,S,S,I,S,I,S,I,S,S,S,S,S,S,S,S,I,I,S,S
0.02,I,S,I,S,S,I,S,I,I,I,S,S,S,S,S,S,S,S,I,I,S,S
0.04,I,S,I,S,S,I,S,I,I,I,I,S,S,S,S,S,S,S,I,I,S,S
0.01,I,S,I,S,S,I,S,I,I,I,S,S,S,S,S,S,S,S,I,I,S,S
0.02,I,S,I,S,S,I,S,S,I,I,S,S,S,S,S,S,S,S,I,I,S,S
0.01,I,S,I,S,S,I,S,S,I,I,S,S,S,S,S,S,S,S,I,S,S,S
0.27,S,S,I,S,S,I,S,S,I,I,S,S,S,S,S,S,S,S,I,S,S,S
0.03,S,S,S,S,S,I,S,S,I,I,S,S,S,S,S,S,S,S,I,S,S,S
0.13,S,S,S,S,S,I,S,S,I,I,S,S,I,S,S,S,S,S,I,S,S,S
0.12,S,S,S,S,S,I,S,S,I,I,S,S,I,S,S,S,S,S,S,S,S,S
0.06,S,S,S,S,S,I,S,S,I,I,S,S,I,S,S,S,S,I,S,S,S,S
0.09,S,S,S,S,S,I,S,S,S,I,S,S,I,S,S,S,S,I,S,S,S,S
0.08,S,S,S,S,S,I,S,S,S,I,S,S,I,S,S,S,S,I,S,S,I,S
0.02,S,S,S,S,S,I,S,S,S,I,S,S,I,S,S,I,S,I,S,S,I,S
0.03,S,S,S,S,S,I,S,S,S,I,S,S,I,I,S,I,S,I,S,S,I,S
0.05,S,S,S,S,S,S,S,S,S,I,S,S,I,I,S,I,S,I,S,S,I,S
0.30,S,S,S,S,S,S,S,S,S,I,S,S,I,S,S,I,S,I,S,S,I,S
0.01,S,S,S,S,S,S,S,S,S,I,S,S,S,S,S,I,S,I,S,S,I,S
0.01,S,S,S,S,S,S,S,S,S,I,S,S,S,S,S,I,S,S,S,S,I,S
0.11,S,S,S,S,S,S,S,S,S,I,S,S,S,S,S,I,I,S,S,S,I,S
0.12,S,S,S,S,S,S,S,S,S,I,S,S,S,S,S,S,I,S,S,S,I,S
0.08,S,S,S,S,S,S,S,S,S,I,S,S,I,S,S,S,I,S,S,S,I,S
0.00,S,S,S,I,S,S,S,S,S,I,S,S,I,S,S,S,I,S,S,S,I,S
0.24,S,S,S,I,S,S,S,S,S,I,S,S,I,S,S,S,I,S,S,S,S,S
0.01,S,S,S,I,S,S,S,S,S,I,S,S,I,S,S,S,I,S,S,S,I,S
0.19,S,S,S,I,S,S,S,S,S,I,S,S,I,S,S,S,I,S,S,S,S,S
0.00,S,S,S,I,S,S,S,S,S,I,S,S,I,S,S,I,I,S,S,S,S,S
0.04,S,S,S,I,S,S,S,S,S,I,I,S,I,S,S,I,I,S,S,S,S,S
0.01,S,S,S,I,S,I,S,S,S,I,I,S,I,S,S,I,I,S,S,S,S,S
0.21,S,S,S,I,S,I,S,S,S,I,I,S,I,S,S,I,I,S,S,I,S,S
0.00,S,S,S,I,S,I,S,S,S,I,S,S,I,S,S,I,I,S,S,I,S,S
0.04,S,S,S,S,S,I,S,S,S,I,S,S,I,S,S,I,I,S,S,I,S,S
0.03,S,S,S,I,S,I,S,S,S,I,S,S,I,S,S,I,I,S,S,I,S,S
0.11,S,S,S,I,S,I,S,S,S,I,S,S,I,S,S,I,S,S,S,I,S,S
0.29,S,S,S,I,S,I,S,S,S,I,S,I,I,S,S,I,S,S,S,I,S,S
0.05,S,S,S,I,S,I,S,S,S,I,S,S,I,S,S,I,S,S,S,I,S,S
0.09,S,S,S,S,S,I,S,S,S,I,S,S,I,S,S,I,S,S,S,I,S,S
0.00,S,S,S,S,S,S,S,S,S,I,S,S,I,S,S,I,S,S,S,I,S,S
0.06,S,S,I,S,S,S,S,S,S,I,S,S,I,S,S,I,S,S,S,I,S,S
0.02,S,S,I,S,I,S,S,S,S,I,S,S,I,S,S,I,S,S,S,I,S,S
0.20,S,S,I,S,I,S,S,S,I,I,S,S,I,S,S,I,S,S,S,I,S,S
0.14,S,S,I,S,I,S,S,S,I,I,S,S,I,S,S,S,S,S,S,I,S,S
0.03,S,S,I,S,I,S,S,S,I,I,S,S,I,S,S,S,S,S,S,I,I,S
0.03,S,S,I,S,I,S,S,S,I,I,I,S,I,S,S,S,S,S,S,I,I,S
0.03,S,S,I,S,I,S,S,S,I,I,I,S,S,S,S,S,S,S,S,I,I,S
0.21,S,S,I,S,I,S,S,S,I,I,I,S,S,S,S,S,S,S,S,I,S,S
0.13,S,I,I,S,I,S,S,S,I,I,I,S,S,S,S,S,S,S,S,I,S,S
0.03,S,I,S,S,I,S,S,S,I,I,I,S,S,S,S,S,S,S,S,I,S,S
0.31,S,S,S,S,I,S,S,S,I,I,I,S,S,S,S,S,S,S,S,I,S,S
0.05,S,S,S,S,I,S,S,S,S,I,I,S,S,S,S,S,S,S,S,I,S,S
0.04,S,S,S,S,S,S,S,S,S,I,I,S,S,S,S,S,S,S,S,I,S,S
0.09,S,S,S,S,S,S,S,S,S,I,I,S,I,S,S,S,S,S,S,I,S,S
0.12,S,S,S,S,S,S,S,S,S,I,S,S,I,S,S,S,S,S,S,I,S,S
0.18,S,S,S,S,S,S,S,S,S,I,S,S,S,S,S,S,S,S,S,I,S,S
0.23,S,S,S,S,S,S,S,S,S,I,S,S,S,I,S,S,S,S,S,I,S,S
0.19,S,S,S,S,S,S,S,S,S,I,S,S,S,S,S,S,S,S,S,I,S,S
0.06,S,S,S,S,S,S,S,S,S,I,S,S,S,S,S,S,I,S,S,I,S,S
0.15,I,S,S,S,S,S,S,S,S,I,S,S,S,S,S,S,I,S,S,I,S,S
0.02,I,S,S,S,S,S,S,S,S,I,S,S,S,S,S,S,I,S,S,S,S,S
0.14,S,S,S,S,S,S,S,S,S,I,S,S,S,S,S,S,I,S,S,S,S,S
0.01,S,S,S,S,S,S,S,S,I,I,S,S,S,S,S,S,I,S,S,S,S,S
0.08,S,S,S,S,S,S,S,S,S,I,S,S,S,S,S,S,I,S,S,S,S,S
0.04,S,S,S,S,S,S,S,S,S,I,S,I,S,S,S,S,I,S,S,S,S,S
0.04,S,S,S,S,S,S,S,S,S,I,S,I,I,S,S,S,I,S,S,S,S,S
0.18,S,S,S,S,S,S,S,S,S,I,S,S,I,S,S,S,I,S,S,S,S,S
0.16,S,S,S,S,S,S,S,S,S,I,S,S,I,S,S,S,I,I,S,S,S,S
0.02,S,S,I,S,S,S,S,S,S,I,S,S,I,S,S,S,I,I,S,S,S,S
0.06,S,S,I,S,S,S,I,S,S,I,S,S,I,S,S,S,I,I,S,S,S,S
0.00,S,S,S,S,S,S,I,S,S,I,S,S,I,S,S,S,I,I,S,S,S,S
0.07,S,S,S,S,S,S,I,S,S,I,S,S,I,S,S,S,S,I,S,S,S,S
0.11,S,S,S,S,S,S,I,S,S,I,S,S,S,S,S,S,S,I,S,S,S,S
0.08,S,S,S,S,S,S,I,S,S,I,S,S,S,S,S,S,I,I,S,S,S,S
0.05,S,S,S,S,S,S,I,S,S,I,S,S,S,S,S,S,I,I,S,S,S,I
0.06,S,S,S,S,S,S,I,S,I,I,S,S,S,S,S,S,I,I,S,S,S,I
0.10,S,S,S,S,S,S,I,S,I,I,S,S,S,S,S,S,I,I,I,S,S,I
0.04,S,S,I,S,S,S,I,S,I,I,S,S,S,S,S,S,I,I,I,S,S,I
0.06,S,I,I,S,S,S,I,S,I,I,S,S,S,S,S,S,I,I,I,S,S,I
0.08,S,I,I,S,S,S,I,S,I,I,S,S,S,I,S,S,I,I,I,S,S,I
0.02,S,I,I,S,S,S,I,S,I,S,S,S,S,I,S,S,I,I,I,S,S,I
0.01,S,I,I,S,S,S,S,S,I,S,S,S,S,I,S,S,I,I,I,S,S,I
0.00,S,I,I,S,S,I,S,S,I,S,S,S,S,I,S,S,I,I,I,S,S,I
0.04,S,I,I,S,S,I,S,S,I,I,S,S,S,I,S,S,I,I,I,S,S,I
0.08,S,I,I,S,S,I,S,S,I,I,S,S,S,I,S,S,I,I,I,I,S,I
0.10,S,I,I,S,S,I,S,S,I,I,S,S,S,I,S,S,I,I,S,I,S,I
0.10,S,I,I,S,S,I,S,S,I,I,S,S,S,I,S,S,I,I,S,I,I,I
0.09,S,I,I,S,S,I,S,S,I,I,S,S,S,I,S,S,S,I,S,I,I,I
0.17,S,I,I,S,S,S,S,S,I,I,S,S,S,I,S,S,S,I,S,I,I,I
0.01,S,I,I,S,S,S,S,S,I,I,S,S,S,I,S,S,S,I,S,S,I,I
0.03,S,I,I,I,S,S,S,S,I,I,S,S,S,I,S,S,S,I,S,S,I,I
0.08,S,I,I,I,S,S,S,S,I,I,S,S,S,S,S,S,S,I,S,S,I,I
0.08,S,I,I,I,S,S,S,S,S,I,S,S,S,S,S,S,S,I,S,S,I,I
0.06,S,I,I,I,S,S,S,S,S,S,S,S,S,S,S,S,S,I,S,S,I,I
0.05,S,I,I,I,S,S,S,S,S,S,S,S,S,S,S,S,S,I,S,I,I,I
0.06,S,I,I,I,S,S,S,S,S,S,S,S,S,S,S,S,S,I,S,I,I,S
0.06,S,I,I,I,S,S,S,S,I,S,S,S,S,S,S,S,S,I,S,I,I,S
0.04,S,I,I,I,S,S,S,S,I,S,S,S,S,S,S,I,S,I,S,I,I,S
0.09,S,I,I,S,S,S,S,S,I,S,S,S,S,S,S,I,S,I,S,I,I,S
0.06,I,I,I,S,S,S,S,S,I,S,S,S,S,S,S,I,S,I,S,I,I,S
0.01,I,I,I,S,S,S,S,S,I,S,S,S,S,S,S,I,S,I,S,I,S,S
0.12,I,S,I,S,S,S,S,S,I,S,S,S,S,S,S,I,S,I,S,I,S,S
0.10,I,S,I,S,S,S,S,S,I,S,S,S,S,S,S,I,S,I,S,S,S,S
0.17,S,S,I,S,S,S,S,S,I,S,S,S,S,S,S,I,S,I,S,S,S,S
0.02,S,S,I,S,S,S,S,S,I,S,S,S,I,S,S,I,S,I,S,S,S,S
0.01,S,S,I,S,S,S,S,S,I,S,S,S,I,S,S,I,S,I,S,S,I,S
0.00,S,I,I,S,S,S,S,S,I,S,S,S,I,S,S,I,S,I,S,S,I,S
0.15,S,S,I,S,S,S,S,S,I,S,S,S,I,S,S,I,S,I,S,S,I,S
0.30,S,S,I,S,S,S,S,S,I,S,S,S,S,S,S,I,S,I,S,S,I,S
0.01,S,S,S,S,S,S,S,S,I,S,S,S,S,S,S,I,S,I,S,S,I,S
0.05,S,S,S,S,S,S,S,S,I,S,S,S,S,S,S,I,S,I,S,S,S,S
0.09,S,S,I,S,S,S,S,S,I,S,S,S,S,S,S,I,S,I,S,S,S,S
0.05,S,S,I,S,S,S,S,S,I,S,S,S,S,I,S,I,S,I,S,S,S,S
0.09,S,S,S,S,S,S,S,S,I,S,S,S,S,I,S,I,S,I,S,S,S,S
0.11,S,S,S,S,S,S,S,S,I,S,S,S,S,S,S,I,S,I,S,S,S,S
0.03,S,S,S,S,S,S,S,S,I,S,I,S,S,S,S,I,S,I,S,S,S,S
0.02,S,S,S,S,I,S,S,S,I,S,I,S,S,S,S,I,S,I,S,S,S,S
0.00,S,S,S,S,I,S,S,S,I,S,I,S,S,I,S,I,S,I,S,S,S,S
0.03,S,S,S,S,S,S,S,S,I,S,I,S,S,I,S,I,S,I,S,S,S,S
0.03,S,S,I,S,S,S,S,S,I,S,I,S,S,I,S,I,S,I,S,S,S,S
0.17,S,S,I,S,S,S,S,S,I,S,I,S,S,I,S,S,S,I,S,S,S,S
0.09,S,S,I,S,S,S,I,S,I,S,I,S,S,I,S,S,S,I,S,S,S,S
0.01,S,I,I,S,S,S,I,S,I,S,I,S,S,I,S,S,S,I,S,S,S,S
0.16,S,I,I,S,S,S,I,S,I,S,I,S,S,I,S,I,S,I,S,S,S,S
0.13,S,I,I,S,S,S,I,S,I,S,I,S,S,I,S,I,I,I,S,S,S,S
0.19,S,I,I,S,S,S,S,S,I,S,I,S,S,I,S,I,I,I,S,S,S,S
0.22,S,I,I,S,S,S,S,S,I,S,I,S,S,I,S,I,I,S,S,S,S,S
0.23,S,I,I,S,S,S,S,S,S,S,I,S,S,I,S,I,I,S,S,S,S,S
0.04,S,I,I,S,I,S,S,S,S,S,I,S,S,I,S,I,I,S,S,S,S,S
0.06,I,I,I,S,I,S,S,S,S,S,I,S,S,I,S,I,I,S,S,S,S,S
0.10,S,I,I,S,I,S,S,S,S,S,I,S,S,I,S,I,I,S,S,S,S,S
0.03,S,I,I,S,I,S,S,S,S,S,I,S,S,I,S,I,I,I,S,S,S,S
0.23,S,I,I,S,I,S,S,S,S,I,I,S,S,I,S,I,I,I,S,S,S,S
0.12,S,I,I,S,I,S,S,S,S,I,I,S,S,I,S,I,I,S,S,S,S,S
0.06,I,I,I,S,I,S,S,S,S,I,I,S,S,I,S,I,I,S,S,S,S,S
0.03,I,I,I,S,I,S,S,S,S,I,I,S,S,I,S,I,I,S,S,I,S,S
0.02,I,I,I,S,S,S,S,S,S,I,I,S,S,I,S,I,I,S,S,I,S,S
0.10,I,I,I,S,S,S,S,S,S,I,I,S,S,I,S,I,I,S,I,I,S,S
0.08,I,I,I,S,S,S,S,S,S,I,I,S,S,I,S,I,I,S,I,S,S,S
0.10,I,I,I,S,S,S,S,S,S,I,I,S,S,I,S,I,I,S,I,I,S,S
0.14,S,I,I,S,S,S,S,S,S,I,I,S,S,I,S,I,I,S,I,I,S,S
0.02,S,I,I,S,S,I,S,S,S,I,I,S,S,I,S,I,I,S,I,I,S,S
0.02,I,I,I,S,S,I,S,S,S,I,I,S,S,I,S,I,I,S,I,I,S,S
0.06,I,S,I,S,S,I,S,S,S,I,I,S,S,I,S,I,I,S,I,I,S,S
0.03,I,S,I,S,S,I,S,S,S,I,I,I,S,I,S,I,I,S,I,I,S,S
0.01,I,S,I,S,S,I,S,S,S,I,I,S,S,I,S,I,I,S,I,I,S,S
0.00,I,S,I,S,S,I,S,S,S,I,I,S,S,I,S,I,S,S,I,I,S,S
0.04,I,S,I,S,S,I,S,S,S,I,I,S,S,S,S,I,S,S,I,I,S,S
0.03,I,S,I,S,S,I,S,S,S,I,I,S,S,S,S,I,S,S,I,S,S,S
0.11,I,S,I,S,S,S,S,S,S,I,I,S,S,S,S,I,S,S,I,S,S,S
0.00,I,S,I,S,S,S,S,S,S,I,I,S,S,S,S,I,I,S,I,S,S,S
0.03,I,S,I,S,S,S,S,S,S,I,I,S,S,S,S,I,I,I,I,S,S,S
0.01,I,S,I,S,S,S,S,S,S,I,I,S,S,S,S,I,I,I,S,S,S,S
0.00,I,S,S,S,S,S,S,S,S,I,I,S,S,S,S,I,I,I,S,S,S,S
0.05,I,S,S,S,S,S,S,S,S,I,I,S,S,S,S,I,I,I,S,S,S,I
0.02,S,S,S,S,S,S,S,S,S,I,I,S,S,S,S,I,I,I,S,S,S,I
0.02,S,I,S,S,S,S,S,S,S,I,I,S,S,S,S,I,I,I,S,S,S,I
0.07,I,I,S,S,S,S,S,S,S,I,I,S,S,S,S,I,I,I,S,S,S,I
0.03,I,I,S,S,S,I,S,S,S,I,I,S,S,S,S,I,I,I,S,S,S,I
0.03,S,I,S,S,S,I,S,S,S,I,I,S,S,S,S,I,I,I,S,S,S,I
0.07,S,I,S,S,S,I,S,S,S,I,I,S,S,S,I,I,I,I,S,S,S,I
0.10,S,I,S,S,S,I,S,S,S,I,I,S,S,S,I,I,I,I,I,S,S,I
0.06,S,I,S,S,S,I,S,I,S,I,I,S,S,S,I,I,I,I,I,S,S,I
0.02,S,I,S,S,S,I,S,I,S,I,I,S,S,S,S,I,I,I,I,S,S,I
0.02,S,I,S,S,S,I,S,I,S,S,I,S,S,S,S,I,I,I,I,S,S,I
0.00,S,I,S,S,S,I,S,I,S,S,I,S,S,S,S,I,S,I,I,S,S,I
0.12,S,I,S,S,S,I,S,I,S,S,I,S,S,S,S,I,I,I,I,S,S,I
0.05,S,I,S,S,S,I,S,I,S,S,S,S,S,S,S,I,I,I,I,S,S,I
0.06,S,I,S,S,S,I,S,I,S,S,S,S,S,S,S,I,I,S,I,S,S,I
0.02,S,I,S,S,S,I,S,I,S,S,S,S,S,S,S,I,S,S,I,S,S,I
0.20,S,I,S,S,S,I,S,I,S,S,S,S,S,S,S,I,S,S,S,S,S,I
0.05,S,I,S,I,S,I,S,I,S,S,S,S,S,S,S,I,S,S,S,S,S,I
0.05,S,I,S,I,S,I,S,I,S,I,S,S,S,S,S,I,S,S,S,S,S,I
0.19,S,I,S,I,S,I,S,I,S,I,S,S,S,S,S,I,S,I,S,S,S,I
0.03,S,S,S,I,S,I,S,I,S,I,S,S,S,S,S,I,S,I,S,S,S,I
0.06,S,I,S,I,S,I,S,I,S,I,S,S,S,S,S,I,S,I,S,S,S,I
0.03,S,I,S,I,S,S,S,I,S,I,S,S,S,S,S,I,S,I,S,S,S,I
0.08,S,I,S,I,S,S,S,I,S,I,S,S,S,I,S,I,S,I,S,S,S,I
0.02,S,S,S,I,S,S,S,I,S,I,S,S,S,I,S,I,S,I,S,S,S,I
0.08,S,S,S,I,S,S,S,I,S,I,S,S,S,I,S,I,S,I,I,S,S,I
0.01,S,S,S,I,S,S,S,I,S,I,I,S,S,I,S,I,S,I,I,S,S,I
0.01,S,S,S,I,S,S,S,I,S,I,I,S,S,I,I,I,S,I,I,S,S,I
0.02,S,S,S,I,S,S,I,I,S,I,I,S,S,I,I,I,S,I,I,S,S,I
0.20,S,S,S,I,S,S,I,I,S,I,I,S,S,I,I,I,S,S,I,S,S,I
0.20,S,S,S,I,S,S,I,I,S,I,I,S,S,I,I,S,S,S,I,S,S,I
0.07,S,S,S,I,S,S,I,I,S,I,I,S,S,I,I,S,I,S,I,S,S,I
0.00,I,S,S,I,S,S,I,I,S,I,I,S,S,I,I,S,I,S,I,S,S,I
0.05,I,S,S,I,S,S,I,I,S,I,I,S,S,I,I,S,I,S,I,S,S,S
0.00,I,S,S,I,S,S,I,I,S,I,I,S,S,I,I,S,I,S,S,S,S,S
0.03,I,S,S,I,S,S,I,I,S,I,I,S,S,I,I,S,I,S,I,S,S,S
0.01,I,S,S,I,S,S,I,I,S,S,I,S,S,I,I,S,I,S,I,S,S,S
0.17,I,S,S,I,S,S,I,I,S,S,I,S,S,S,I,S,I,S,I,S,S,S
0.08,I,S,S,I,S,S,I,I,S,S,I,S,S,S,S,S,I,S,I,S,S,S
0.07,I,S,S,I,S,S,I,I,S,S,I,S,S,S,I,S,I,S,I,S,S,S
0.08,I,S,S,I,S,S,I,S,S,S,I,S,S,S,I,S,I,S,I,S,S,S
0.09,I,S,S,I,S,S,I,S,S,S,I,S,S,S,I,S,I,S,I,S,S,I
0.14,I,S,S,I,S,S,I,S,S,S,S,S,S,S,I,S,I,S,I,S,S,I
0.03,I,S,S,I,S,S,S,S,S,S,S,S,S,S,I,S,I,S,I,S,S,I
0.01,I,S,S,S,S,S,S,S,S,S,S,S,S,S,I,S,I,S,I,S,S,I
0.09,I,I,S,S,S,S,S,S,S,S,S,S,S,S,I,S,I,S,I,S,S,I
0.06,I,I,S,S,S,S,S,S,S,S,S,S,S,S,S,S,I,S,I,S,S,I
0.01,I,I,S,S,S,I,S,S,S,S,S,S,S,S,S,S,I,S,I,S,S,I
0.04,I,I,S,S,S,I,S,S,S,S,S,S,S,I,S,S,I,S,I,S,S,I
0.01,I,I,S,S,S,I,S,S,S,S,S,S,I,I,S,S,I,S,I,S,S,I
0.22,I,S,S,S,S,I,S,S,S,S,S,S,I,I,S,S,I,S,I,S,S,I
0.18,I,S,S,S,S,I,S,S,I,S,S,S,I,I,S,S,I,S,I,S,S,I
0.00,I,S,S,S,S,I,S,S,I,S,I,S,I,I,S,S,I,S,I,S,S,I
0.17,I,S,I,S,S,I,S,S,I,S,I,S,I,I,S,S,I,S,I,S,S,I
0.01,I,S,I,S,S,I,I,S,I,S,I,S,I,I,S,S,I,S,I,S,S,I
0.01,I,S,I,S,I,I,I,S,I,S,I,S,I,I,S,S,I,S,I,S,S,I
0.06,I,S,I,S,I,I,I,S,I,I,I,S,I,I,S,S,I,S,I,S,S,I
0.16,I,S,I,S,I,I,I,S,I,I,I,S,I,I,I,S,I,S,I,S,S,I
0.05,I,S,I,S,I,I,I,S,I,I,I,S,I,I,I,S,I,S,I,S,S,S
0.08,I,S,I,S,I,I,I,I,I,I,I,S,I,I,I,S,I,S,I,S,S,S
0.02,I,S,I,S,I,I,I,I,I,I,I,S,I,I,I,S,S,S,I,S,S,S
0.03,I,S,I,S,I,I,I,I,S,I,I,S,I,I,I,S,S,S,I,S,S,S
0.00,I,S,I,S,I,I,I,I,S,I,I,S,I,I,I,S,S,S,S,S,S,S
0.05,I,S,I,S,I,I,I,I,S,I,I,S,I,I,I,S,I,S,S,S,S,S
0.01,I,S,I,S,I,I,I,I,S,I,I,S,S,I,I,S,I,S,S,S,S,S
0.16,I,S,I,S,I,I,I,I,S,I,I,I,S,I,I,S,I,S,S,S,S,S
0.01,I,S,I,S,I,I,I,I,S,I,I,I,S,I,S,S,I,S,S,S,S,S
0.03,I,S,I,S,I,I,S,I,S,I,I,I,S,I,S,S,I,S,S,S,S,S
0.01,I,S,I,S,I,I,S,S,S,I,I,I,S,I,S,S,I,S,S,S,S,S
0.03,I,S,S,S,I,I,S,S,S,I,I,I,S,I,S,S,I,S,S,S,S,S
0.02,I,I,S,S,I,I,S,S,S,I,I,I,S,I,S,S,I,S,S,S,S,S
0.01,I,S,S,S,I,I,S,S,S,I,I,I,S,I,S,S,I,S,S,S,S,S
0.01,I,S,S,S,I,I,S,S,S,I,I,I,S,I,S,S,S,S,S,S,S,S
0.05,I,I,S,S,I,I,S,S,S,I,I,I,S,I,S,S,S,S,S,S,S,S
0.17,I,I,S,S,I,I,S,S,S,S,I,I,S,I,S,S,S,S,S,S,S,S
0.00,I,I,S,S,I,I,I,S,S,S,I,I,S,I,S,S,S,S,S,S,S,S
0.07,I,I,S,I,I,I,I,S,S,S,I,I,S,I,S,S,S,S,S,S,S,S
0.02,I,I,S,I,I,I,S,S,S,S,I,I,S,I,S,S,S,S,S,S,S,S
0.05,I,I,S,I,I,I,S,S,S,S,I,I,S,S,S,S,S,S,S,S,S,S
0.07,I,I,S,I,I,I,S,S,S,S,I,I,I,S,S,S,S,S,S,S,S,S
0.05,I,I,S,I,I,I,S,S,S,S,I,I,I,I,S,S,S,S,S,S,S,S
0.01,I,I,I,I,I,I,S,S,S,S,I,I,I,I,S,S,S,S,S,S,S,S
0.06,I,I,I,I,I,I,S,S,S,I,I,I,I,I,S,S,S,S,S,S,S,S
0.02,I,I,I,I,I,I,S,S,S,I,I,I,S,I,S,S,S,S,S,S,S,S
0.00,I,I,I,S,I,I,S,S,S,I,I,I,S,I,S,S,S,S,S,S,S,S
0.13,I,I,I,S,I,I,S,I,S,I,I,I,S,I,S,S,S,S,S,S,S,S
0.03,I,I,I,S,I,I,S,I,I,I,I,I,S,I,S,S,S,S,S,S,S,S
0.13,I,I,I,S,I,I,S,S,I,I,I,I,S,I,S,S,S,S,S,S,S,S
0.04,I,I,I,S,I,I,I,S,I,I,I,I,S,I,S,S,S,S,S,S,S,S
0.03,I,I,I,S,I,I,I,S,I,S,I,I,S,I,S,S,S,S,S,S,S,S
0.01,I,I,I,S,I,I,I,S,I,S,I,I,S,I,S,S,I,S,S,S,S,S
0.12,I,I,I,S,I,S,I,S,I,S,I,I,S,I,S,S,I,S,S,S,S,S
0.09,I,I,I,S,I,S,I,S,I,S,I,I,S,S,S,S,I,S,S,S,S,S
0.08,I,I,I,S,I,S,I,S,I,S,I,I,S,S,S,S,I,S,S,S,S,I
0.05,I,S,I,S,I,S,I,S,I,S,I,I,S,S,S,S,I,S,S,S,S,I
0.29,I,S,I,S,I,S,I,S,I,S,I,I,S,S,S,S,S,S,S,S,S,I
0.09,I,S,I,S,I,S,I,I,I,S,I,I,S,S,S,S,S,S,S,S,S,I
0.03,I,S,I,S,S,S,I,I,I,S,I,I,S,S,S,S,S,S,S,S,S,I
0.07,I,S,I,S,S,S,I,I,I,S,S,I,S,S,S,S,S,S,S,S,S,I
0.11,I,S,S,S,S,S,I,I,I,S,S,I,S,S,S,S,S,S,S,S,S,I
0.05,I,S,S,S,S,S,I,I,I,S,S,I,S,S,S,S,S,I,S,S,S,I
0.06,I,S,S,S,S,S,I,I,I,S,S,S,S,S,S,S,S,I,S,S,S,I
0.23,I,S,S,S,S,S,I,I,I,S,S,S,S,I,S,S,S,I,S,S,S,I
0.06,I,S,S,S,I,S,I,I,I,S,S,S,S,I,S,S,S,I,S,S,S,I
0.02,I,S,S,S,I,S,I,I,I,S,S,S,S,I,S,S,S,I,S,S,S,S
0.03,I,S,I,S,I,S,I,I,I,S,S,S,S,I,S,S,S,I,S,S,S,S
0.01,I,S,I,S,I,S,I,I,I,I,S,S,S,I,S,S,S,I,S,S,S,S
0.01,S,S,I,S,I,S,I,I,I,I,S,S,S,I,S,S,S,I,S,S,S,S
0.25,S,S,I,S,I,S,I,I,I,I,S,I,S,I,S,S,S,I,S,S,S,S
0.04,S,S,I,S,I,S,I,I,I,I,I,I,S,I,S,S,S,I,S,S,S,S
0.31,S,S,I,S,I,S,I,I,I,I,I,I,S,S,S,S,S,I,S,S,S,S
0.01,S,S,I,S,I,S,I,I,I,I,I,I,S,S,S,S,S,S,S,S,S,S
0.04,S,S,I,S,I,S,I,I,I,I,I,I,S,S,S,S,I,S,S,S,S,S
0.01,S,S,I,S,I,S,I,I,I,I,I,I,S,S,S,S,I,S,I,S,S,S
0.04,S,S,I,S,I,S,I,I,I,S,I,I,S,S,S,S,I,S,I,S,S,S
0.03,S,S,I,S,I,S,S,I,I,S,I,I,S,S,S,S,I,S,I,S,S,S
0.04,S,S,I,S,I,S,I,I,I,S,I,I,S,S,S,S,I,S,I,S,S,S
0.16,I,S,I,S,I,S,I,I,I,S,I,I,S,S,S,S,I,S,I,S,S,S
0.03,I,S,I,S,I,S,I,I,S,S,I,I,S,S,S,S,I,S,I,S,S,S
0.08,I,S,I,S,I,S,I,I,S,S,I,I,S,S,S,S,S,S,I,S,S,S
0.01,I,S,I,S,I,S,S,I,S,S,I,I,S,S,S,S,S,S,I,S,S,S
0.03,I,S,I,S,I,S,S,S,S,S,I,I,S,S,S,S,S,S,I,S,S,S
0.09,I,S,I,S,I,S,S,S,S,S,I,I,S,S,S,S,S,S,S,S,S,S
0.02,I,S,I,S,I,S,S,S,S,S,I,I,S,S,S,S,S,S,I,S,S,S
0.05,I,S,I,S,S,S,S,S,S,S,I,I,S,S,S,S,S,S,I,S,S,S
0.01,I,S,I,S,S,S,S,S,S,S,I,I,S,S,S,I,S,S,I,S,S,S
0.01,I,S,S,S,S,S,S,S,S,S,I,I,S,S,S,I,S,S,I,S,S,S
0.00,I,I,S,S,S,S,S,S,S,S,I,I,S,S,S,I,S,S,I,S,S,S
0.09,I,S,S,S,S,S,S,S,S,S,I,I,S,S,S,I,S,S,I,S,S,S
0.12,I,S,S,S,S,S,I,S,S,S,I,I,S,S,S,I,S,S,I,S,S,S
0.00,I,S,S,S,S,S,I,S,S,S,I,I,S,S,S,S,S,S,I,S,S,S
0.03,I,S,I,S,S,S,I,S,S,S,I,I,S,S,S,S,S,S,I,S,S,S
0.04,I,S,I,S,S,S,I,S,S,S,I,S,S,S,S,S,S,S,I,S,S,S
0.18,I,S,I,S,S,S,I,S,S,S,I,S,S,S,S,S,S,S,I,S,I,S
0.07,I,S,I,S,S,S,I,S,S,S,I,S,S,S,S,S,S,S,S,S,I,S
0.16,I,S,I,S,S,S,I,S,S,S,I,S,S,S,S,S,S,I,S,S,I,S
0.01,I,S,I,S,S,S,I,S,S,S,I,S,S,S,S,S,S,I,S,S,S,S
0.15,I,S,I,S,S,S,I,S,S,S,I,I,S,S,S,S,S,I,S,S,S,S
0.21,S,S,I,S,S,S,I,S,S,S,I,I,S,S,S,S,S,I,S,S,S,S
0.07,S,S,I,S,S,S,I,S,S,S,S,I,S,S,S,S,S,I,S,S,S,S
0.08,S,S,I,S,S,S,S,S,S,S,S,I,S,S,S,S,S,I,S,S,S,S
0.12,S,S,I,S,S,S,S,S,S,S,S,I,S,S,I,S,S,I,S,S,S,S
0.07,S,S,I,S,S,S,S,S,S,S,S,I,S,S,I,S,S,I,S,S,I,S
0.13,S,S,I,S,S,S,S,S,S,S,S,I,S,S,I,S,S,I,S,S,S,S
0.04,S,S,I,S,S,S,S,S,S,S,S,I,S,S,I,S,S,I,I,S,S,S
0.25,S,S,S,S,S,S,S,S,S,S,S,I,S,S,I,S,S,I,I,S,S,S
0.01,S,S,S,S,S,S,S,S,S,I,S,I,S,S,I,S,S,I,I,S,S,S
0.16,S,S,S,S,S,S,S,S,S,I,S,I,I,S,I,S,S,I,I,S,S,S
0.11,S,S,S,S,S,S,S,S,S,I,S,I,I,S,I,S,S,I,S,S,S,S
0.04,S,S,S,S,S,I,S,S,S,I,S,I,I,S,I,S,S,I,S,S,S,S
0.10,S,S,S,S,S,S,S,S,S,I,S,I,I,S,I,S,S,I,S,S,S,S
0.14,S,S,S,S,S,S,S,S,S,I,S,I,S,S,I,S,S,I,S,S,S,S
0.05,S,S,S,S,S,S,S,S,S,I,S,I,S,S,I,I,S,I,S,S,S,S
0.01,S,S,S,S,S,S,S,S,S,I,S,I,S,S,I,I,S,I,S,S,S,I
0.07,S,S,S,S,S,S,S,S,S,I,S,S,S,S,I,I,S,I,S,S,S,I
0.08,S,S,S,S,S,S,S,S,S,I,S,S,S,S,I,I,S,S,S,S,S,I
0.00,S,I,S,S,S,S,S,S,S,I,S,S,S,S,I,I,S,S,S,S,S,I
0.02,S,I,S,S,S,I,S,S,S,I,S,S,S,S,I,I,S,S,S,S,S,I
0.24,S,I,S,S,S,I,S,S,S,I,S,S,S,S,I,I,S,I,S,S,S,I
0.13,S,I,S,S,S,I,S,I,S,I,S,S,S,S,I,I,S,I,S,S,S,I
0.06,S,I,S,S,S,I,S,I,S,I,S,S,S,S,S,I,S,I,S,S,S,I
0.02,S,I,S,S,S,I,S,I,S,S,S,S,S,S,S,I,S,I,S,S,S,I
0.06,S,I,S,S,S,I,S,I,S,S,S,S,S,I,S,I,S,I,S,S,S,I
0.02,S,I,I,S,S,I,S,I,S,S,S,S,S,I,S,I,S,I,S,S,S,I
0.02,S,I,I,S,S,I,S,I,S,S,S,S,S,I,S,S,S,I,S,S,S,I
0.04,S,I,I,S,S,S,S,I,S,S,S,S,S,I,S,S,S,I,S,S,S,I
0.08,S,I,I,S,I,S,S,I,S,S,S,S,S,I,S,S,S,I,S,S,S,I
0.02,S,I,I,S,I,S,S,I,S,S,I,S,S,I,S,S,S,I,S,S,S,I
0.03,S,I,I,S,I,S,S,S,S,S,I,S,S,I,S,S,S,I,S,S,S,I
0.16,S,I,I,S,I,S,S,S,S,S,I,S,S,I,S,S,S,I,I,S,S,I
0.03,S,S,I,S,I,S,S,S,S,S,I,S,S,I,S,S,S,I,I,S,S,I
0.00,S,S,I,S,I,S,S,S,S,S,I,S,S,I,S,S,S,I,I,I,S,I
0.07,S,S,I,S,I,S,S,S,S,S,I,S,S,I,S,S,S,S,I,I,S,I
0.08,S,S,I,S,I,S,S,S,S,S,I,S,S,S,S,S,S,S,I,I,S,I
0.01,S,S,I,S,S,S,S,S,S,S,I,S,S,S,S,S,S,S,I,I,S,I
0.05,S,S,I,S,S,S,S,S,S,S,I,S,S,S,S,S,S,S,I,S,S,I
0.08,S,S,I,I,S,S,S,S,S,S,I,S,S,S,S,S,S,S,I,S,S,I
0.14,S,S,I,I,S,S,S,S,S,S,I,S,S,S,I,S,S,S,I,S,S,I
0.03,S,S,I,I,S,S,S,S,S,S,I,S,S,S,I,S,S,S,I,S,S,S
0.09,S,S,I,I,S,S,S,S,S,S,I,S,S,S,I,S,S,S,I,I,S,S
0.14,S,S,I,I,S,S,S,S,S,S,I,S,S,S,I,S,S,S,S,I,S,S
0.00,S,S,S,I,S,S,S,S,S,S,I,S,S,S,I,S,S,S,S,I,S,S
0.06,S,S,S,I,S,S,S,S,S,S,I,I,S,S,I,S,S,S,S,I,S,S
0.11,S,S,S,I,S,S,S,S,S,S,I,I,S,S,S,S,S,S,S,I,S,S
0.01,S,S,S,I,S,S,S,S,S,S,S,I,S,S,S,S,S,S,S,I,S,S
0.08,S,S,S,I,S,S,S,S,S,S,S,I,S,S,S,S,I,S,S,I,S,S
0.04,S,S,S,I,S,S,S,S,S,S,S,I,S,S,S,S,I,I,S,I,S,S
0.00,S,I,S,I,S,S,S,S,S,S,S,I,S,S,S,S,I,I,S,I,S,S
0.22,S,I,S,I,S,S,S,I,S,S,S,I,S,S,S,S,I,I,S,I,S,S
0.02,S,I,S,I,S,S,S,S,S,S,S,I,S,S,S,S,I,I,S,I,S,S
0.16,S,I,I,I,S,S,S,S,S,S,S,I,S,S,S,S,I,I,S,I,S,S
0.03,I,I,I,I,S,S,S,S,S,S,S,I,S,S,S,S,I,I,S,I,S,S
0.20,I,I,I,I,S,S,S,I,S,S,S,I,S,S,S,S,I,I,S,I,S,S
0.06,I,I,I,I,S,S,S,I,I,S,S,I,S,S,S,S,I,I,S,I,S,S
0.10,I,I,I,I,S,S,S,I,I,I,S,I,S,S,S,S,I,I,S,I,S,S
0.05,I,I,I,I,S,S,S,S,I,I,S,I,S,S,S,S,I,I,S,I,S,S
0.05,I,I,I,I,S,S,S,S,S,I,S,I,S,S,S,S,I,I,S,I,S,S
0.05,I,I,S,I,S,S,S,S,S,I,S,I,S,S,S,S,I,I,S,I,S,S
0.10,I,I,S,I,S,S,S,S,S,I,I,I,S,S,S,S,I,I,S,I,S,S
0.03,I,I,S,I,S,S,S,S,S,I,I,I,S,I,S,S,I,I,S,I,S,S
0.05,I,I,S,S,S,S,S,S,S,I,I,I,S,I,S,S,I,I,S,I,S,S
0.13,I,S,S,S,S,S,S,S,S,I,I,I,S,I,S,S,I,I,S,I,S,S
0.00,I,S,S,S,S,S,S,S,I,I,I,I,S,I,S,S,I,I,S,I,S,S
0.01,S,S,S,S,S,S,S,S,I,I,I,I,S,I,S,S,I,I,S,I,S,S
0.03,S,S,S,S,S,S,S,S,I,I,I,I,S,S,S,S,I,I,S,I,S,S
0.04,S,S,S,S,S,S,S,S,I,I,I,I,S,S,S,S,S,I,S,I,S,S
0.02,S,S,S,S,S,S,S,S,I,I,S,I,S,S,S,S,S,I,S,I,S,S
0.05,S,S,S,S,S,S,S,S,I,I,S,I,S,S,S,S,S,I,I,I,S,S
0.10,I,S,S,S,S,S,S,S,I,I,S,I,S,S,S,S,S,I,I,I,S,S
0.05,I,S,S,S,S,S,S,S,I,I,S,I,S,S,S,S,I,I,I,I,S,S
0.06,S,S,S,S,S,S,S,S,I,I,S,I,S,S,S,S,I,I,I,I,S,S
0.02,S,S,S,S,S,S,S,S,I,I,S,S,S,S,S,S,I,I,I,I,S,S
0.06,S,S,S,S,S,S,S,I,I,I,S,S,S,S,S,S,I,I,I,I,S,S
0.09,S,S,S,S,S,S,S,I,I,I,S,S,S,S,S,S,I,I,S,I,S,S
0.12,S,S,S,S,S,S,S,S,I,I,S,S,S,S,S,S,I,I,S,I,S,S
0.07,S,S,S,S,S,S,I,S,I,I,S,S,S,S,S,S,I,I,S,I,S,S
0.03,S,S,I,S,S,S,I,S,I,I,S,S,S,S,S,S,I,I,S,I,S,S
0.02,S,S,S,S,S,S,I,S,I,I,S,S,S,S,S,S,I,I,S,I,S,S
0.06,S,S,S,S,S,S,S,S,I,I,S,S,S,S,S,S,I,I,S,I,S,S
0.07,S,S,S,S,S,S,S,S,I,S,S,S,S,S,S,S,I,I,S,I,S,S
0.10,S,S,S,S,S,S,S,S,I,S,S,S,S,S,S,S,I,I,S,S,S,S
0.20,S,S,I,S,S,S,S,S,I,S,S,S,S,S,S,S,I,I,S,S,S,S
0.07,I,S,I,S,S,S,S,S,I,S,S,S,S,S,S,S,I,I,S,S,S,S
0.02,I,S,I,S,S,S,S,S,S,S,S,S,S,S,S,S,I,I,S,S,S,S
0.00,I,S,I,S,S,S,S,S,S,I,S,S,S,S,S,S,I,I,S,S,S,S
0.03,I,S,I,I,S,S,S,S,S,I,S,S,S,S,S,S,I,I,S,S,S,S
0.06,I,S,I,I,S,S,S,S,S,I,S,S,S,S,S,I,I,I,S,S,S,S
0.11,I,S,I,S,S,S,S,S,S,I,S,S,S,S,S,I,I,I,S,S,S,S
0.03,S,S,I,S,S,S,S,S,S,I,S,S,S,S,S,I,I,I,S,S,S,S
0.07,S,S,I,S,S,S,S,S,S,I,S,S,S,S,S,I,I,I,I,S,S,S
0.31,S,S,I,S,S,S,S,S,S,I,S,S,S,S,S,I,I,S,I,S,S,S
0.04,S,S,I,S,S,S,S,S,S,I,S,S,I,S,S,I,I,S,I,S,S,S
0.02,S,S,I,S,S,S,S,S,S,I,S,S,S,S,S,I,I,S,I,S,S,S
0.02,S,S,I,S,S,S,S,S,S,I,S,S,S,S,S,S,I,S,I,S,S,S
0.07,S,S,I,S,S,S,S,S,S,S,S,S,S,S,S,S,I,S,I,S,S,S
0.00,S,S,I,S,S,S,S,S,S,S,S,S,S,S,S,I,I,S,I,S,S,S
0.00,S,S,I,S,S,S,S,S,S,S,S,S,S,S,S,I,S,S,I,S,S,S
0.04,S,S,I,I,S,S,S,S,S,S,S,S,S,S,S,I,S,S,I,S,S,S
0.16,S,S,I,I,S,S,S,S,S,S,S,S,S,S,S,I,S,S,S,S,S,S
0.08,S,S,I,S,S,S,S,S,S,S,S,S,S,S,S,I,S,S,S,S,S,S
0.09,S,S,I,S,S,S,S,S,S,S,S,S,S,I,S,I,S,S,S,S,S,S
0.17,S,S,I,S,S,S,S,S,S,S,S,S,S,S,S,I,S,S,S,S,S,S
0.04,S,S,I,S,S,S,S,S,S,S,S,S,I,S,S,I,S,S,S,S,S,S
0.07,S,S,S,S,S,S,S,S,S,S,S,S,I,S,S,I,S,S,S,S,S,S
0.10,S,I,S,S,S,S,S,S,S,S,S,S,I,S,S,I,S,S,S,S,S,S
0.15,S,S,S,S,S,S,S,S,S,S,S,S,I,S,S,I,S,S,S,S,S,S
0.08,S,S,I,S,S,S,S,S,S,S,S,S,I,S,S,I,S,S,S,S,S,S
0.11,S,S,I,S,S,S,S,S,S,S,S,I,I,S,S,I,S,S,S,S,S,S
0.14,S,S,I,S,S,S,S,S,S,S,S,I,S,S,S,I,S,S,S,S,S,S
0.10,S,S,I,S,S,S,S,S,S,S,S,S,S,S,S,I,S,S,S,S,S,S
0.06,S,S,I,S,S,S,S,S,S,S,S,I,S,S,S,I,S,S,S,S,S,S
0.16,S,S,I,S,S,S,S,S,S,S,S,I,S,I,S,I,S,S,S,S,S,S
0.01,S,S,I,S,S,S,S,S,S,S,S,I,S,I,S,I,S,S,I,S,S,S
0.03,S,S,I,S,S,S,S,S,S,S,S,I,S,I,I,I,S,S,I,S,S,S
0.12,S,S,S,S,S,S,S,S,S,S,S,I,S,I,I,I,S,S,I,S,S,S
0.06,S,S,S,S,S,S,S,S,S,I,S,I,S,I,I,I,S,S,I,S,S,S
0.06,S,S,S,S,S,S,S,S,S,I,S,I,I,I,I,I,S,S,I,S,S,S
0.00,S,S,S,S,S,S,S,S,S,I,S,I,I,I,I,I,S,S,I,I,S,S
0.11,S,S,S,S,S,S,S,S,S,I,S,I,I,I,S,I,S,S,I,I,S,S
0.00,S,S,S,S,S,S,S,S,S,I,S,S,I,I,S,I,S,S,I,I,S,S
0.05,S,S,S,S,S,S,S,S,I,I,S,S,I,I,S,I,S,S,I,I,S,S
0.01,S,S,S,S,S,S,S,S,I,S,S,S,I,I,S,I,S,S,I,I,S,S
0.08,S,I,S,S,S,S,S,S,I,S,S,S,I,I,S,I,S,S,I,I,S,S
0.01,S,I,S,S,S,S,S,S,I,S,S,S,I,I,I,I,S,S,I,I,S,S
0.03,S,I,S,S,S,S,S,S,I,S,S,S,I,I,I,I,S,S,I,I,S,I
0.06,S,I,S,I,S,S,S,S,I,S,S,S,I,I,I,I,S,S,I,I,S,I
0.01,S,I,S,I,S,S,S,S,S,S,S,S,I,I,I,I,S,S,I,I,S,I
0.10,S,I,S,I,S,S,S,S,S,S,S,S,I,I,I,I,S,S,S,I,S,I
0.10,S,I,S,I,S,S,S,S,S,S,S,S,I,I,S,I,S,S,S,I,S,I
0.11,S,I,S,I,S,S,S,S,S,S,S,S,I,S,S,I,S,S,S,I,S,I
0.16,S,I,S,I,S,S,S,S,I,S,S,S,I,S,S,I,S,S,S,I,S,I
0.05,S,S,S,I,S,S,S,S,I,S,S,S,I,S,S,I,S,S,S,I,S,I
0.06,S,S,S,I,S,S,S,S,I,S,S,S,I,S,S,I,I,S,S,I,S,I
0.10,S,S,S,I,S,S,S,S,S,S,S,S,I,S,S,I,I,S,S,I,S,I
0.14,S,S,S,I,S,S,S,S,S,S,S,S,I,S,S,S,I,S,S,I,S,I
0.01,S,S,S,I,S,S,S,S,S,S,S,S,I,S,S,I,I,S,S,I,S,I
0.03,S,S,S,S,S,S,S,S,S,S,S,S,I,S,S,I,I,S,S,I,S,I
0.17,S,S,S,S,S,S,S,S,S,S,I,S,I,S,S,I,I,S,S,I,S,I
0.03,S,S,S,S,S,S,S,S,S,S,I,S,I,S,S,I,I,S,S,I,S,S
0.03,S,S,S,S,S,S,S,S,S,S,I,S,I,S,S,I,I,S,S,I,S,I
0.03,S,S,S,S,S,S,S,S,S,S,S,S,I,S,S,I,I,S,S,I,S,I
0.02,S,S,S,S,S,S,I,S,S,S,S,S,I,S,S,I,I,S,S,I,S,I
0.18,S,S,S,S,S,S,I,S,S,S,S,S,I,S,S,I,I,S,S,S,S,I
0.05,S,S,S,S,S,S,I,S,S,S,S,S,S,S,S,I,I,S,S,S,S,I
0.07,S,S,S,S,S,S,I,S,S,S,S,I,S,S,S,I,I,S,S,S,S,I
0.06,S,S,S,S,S,S,I,S,S,S,S,I,S,S,S,I,I,S,S,S,S,S
0.09,S,S,S,S,S,S,I,S,S,S,S,I,I,S,S,I,I,S,S,S,S,S
0.03,I,S,S,S,S,S,I,S,S,S,S,I,I,S,S,I,I,S,S,S,S,S
0.05,I,S,S,S,S,S,S,S,S,S,S,I,I,S,S,I,I,S,S,S,S,S
0.00,I,S,S,S,S,I,S,S,S,S,S,I,I,S,S,I,I,S,S,S,S,S
0.06,I,S,S,S,S,S,S,S,S,S,S,I,I,S,S,I,I,S,S,S,S,S
0.10,I,S,S,S,S,S,S,S,S,S,S,I,I,S,S,S,I,S,S,S,S,S
0.05,I,S,S,S,S,S,S,S,S,S,S,S,I,S,S,S,I,S,S,S,S,S
0.04,I,S,S,S,S,S,I,S,S,S,S,S,I,S,S,S,I,S,S,S,S,S
0.12,I,S,S,S,S,S,I,S,S,S,S,I,I,S,S,S,I,S,S,S,S,S
0.02,I,S,S,S,S,S,I,S,S,I,S,I,I,S,S,S,I,S,S,S,S,S
0.00,I,S,S,S,S,S,I,S,S,I,S,I,I,S,S,S,I,I,S,S,S,S
0.03,I,S,S,S,S,I,I,S,S,I,S,I,I,S,S,S,I,I,S,S,S,S
0.14,I,S,S,S,S,S,I,S,S,I,S,I,I,S,S,S,I,I,S,S,S,S
0.08,I,S,S,S,S,S,I,S,S,I,S,I,I,S,S,S,I,I,I,S,S,S
0.10,I,S,S,S,S,S,I,S,S,I,S,I,I,S,I,S,I,I,I,S,S,S
0.07,I,S,S,S,S,S,I,S,S,I,S,I,I,S,I,S,I,I,S,S,S,S
0.09,I,S,S,S,S,S,I,S,S,I,S,S,I,S,I,S,I,I,S,S,S,S
0.02,I,S,S,S,S,S,I,S,S,I,S,S,I,S,I,S,I,I,S,S,S,I
0.02,I,S,S,S,S,I,I,S,S,I,S,S,I,S,I,S,I,I,S,S,S,I
0.09,I,S,S,S,S,I,S,S,S,I,S,S,I,S,I,S,I,I,S,S,S,I
0.02,I,S,S,S,S,I,S,S,S,I,S,S,S,S,I,S,I,I,S,S,S,I
0.23,I,S,S,S,S,I,S,S,S,I,S,S,S,S,I,S,I,I,S,S,S,S
0.32,I,S,S,S,S,I,S,S,S,S,S,S,S,S,I,S,I,I,S,S,S,S
0.01,I,S,S,S,S,I,S,S,S,S,S,S,S,S,I,S,S,I,S,S,S,S
0.05,I,S,S,S,S,I,S,S,I,S,S,S,S,S,I,S,S,I,S,S,S,S
0.09,I,S,I,S,S,I,S,S,I,S,S,S,S,S,I,S,S,I,S,S,S,S
0.03,I,S,I,S,S,I,S,S,S,S,S,S,S,S,I,S,S,I,S,S,S,S
0.03,I,S,I,S,S,I,S,S,S,S,S,S,S,S,I,S,S,S,S,S,S,S
0.02,I,S,I,I,S,I,S,S,S,S,S,S,S,S,I,S,S,S,S,S,S,S
0.01,I,S,I,I,S,I,S,S,I,S,S,S,S,S,I,S,S,S,S,S,S,S
0.02,I,S,I,I,S,I,S,S,I,S,S,S,S,S,I,S,S,S,S,S,I,S
0.04,I,S,I,I,S,I,S,S,I,S,S,S,S,S,I,I,S,S,S,S,I,S
0.02,I,S,I,I,S,I,S,S,I,S,S,S,S,S,I,I,S,S,S,S,S,S
0.20,I,S,I,I,S,I,S,S,I,S,I,S,S,S,I,I,S,S,S,S,S,S
0.04,I,S,I,I,S,I,S,S,I,S,I,S,S,S,I,I,S,S,S,I,S,S
0.05,I,S,I,I,S,I,S,S,I,S,I,S,S,S,I,I,S,I,S,I,S,S
0.01,I,S,I,I,S,I,S,S,I,S,I,S,S,S,I,I,S,I,S,I,S,I
0.09,I,S,I,I,S,I,S,S,I,S,I,S,S,S,I,I,S,I,S,I,S,S
0.04,S,S,I,I,S,I,S,S,I,S,I,S,S,S,I,I,S,I,S,I,S,S
0.09,S,S,S,I,S,I,S,S,I,S,I,S,S,S,I,I,S,I,S,I,S,S
0.02,S,S,S,I,S,I,S,S,I,S,I,I,S,S,I,I,S,I,S,I,S,S
0.26,S,S,S,I,S,I,S,I,I,S,I,I,S,S,I,I,S,I,S,I,S,S
0.00,S,S,S,I,S,I,S,I,I,S,I,I,S,S,I,S,S,I,S,I,S,S
0.00,S,S,I,I,S,I,S,I,I,S,I,I,S,S,I,S,S,I,S,I,S,S
0.01,S,S,I,I,S,I,S,I,I,S,I,I,S,S,I,S,S,I,I,I,S,S
0.09,S,S,I,I,I,I,S,I,I,S,I,I,S,S,I,S,S,I,I,I,S,S
0.08,S,S,I,I,S,I,S,I,I,S,I,I,S,S,I,S,S,I,I,I,S,S
0.04,S,S,I,I,S,I,S,I,I,S,I,I,S,S,I,S,S,I,S,I,S,S
0.20,S,S,I,I,S,I,S,I,S,S,I,I,S,S,I,S,S,I,S,I,S,S
0.02,S,S,I,I,S,I,S,S,S,S,I,I,S,S,I,S,S,I,S,I,S,S
0.03,S,S,I,S,S,I,S,S,S,S,I,I,S,S,I,S,S,I,S,I,S,S
0.00,S,S,I,S,S,S,S,S,S,S,I,I,S,S,I,S,S,I,S,I,S,S
0.02,S,S,I,S,S,S,S,I,S,S,I,I,S,S,I,S,S,I,S,I,S,S
0.18,S,S,S,S,S,S,S,I,S,S,I,I,S,S,I,S,S,I,S,I,S,S
0.06,S,S,S,S,S,S,S,I,S,S,I,I,S,S,S,S,S,I,S,I,S,S
0.01,S,S,S,S,S,S,S,I,S,S,I,S,S,S,S,S,S,I,S,I,S,S
0.30,S,S,S,S,S,S,S,I,S,S,I,S,S,S,S,S,S,I,S,I,S,I
0.02,S,S,S,S,S,S,S,I,S,S,S,S,S,S,S,S,S,I,S,I,S,I
0.22,S,S,S,S,S,S,S,I,S,S,S,S,S,S,S,S,S,S,S,I,S,I
0.01,S,S,S,I,S,S,S,I,S,S,S,S,S,S,S,S,S,S,S,I,S,I
0.03,S,S,S,I,S,S,S,I,S,S,S,S,S,S,S,I,S,S,S,I,S,I
0.07,S,S,S,I,S,I,S,I,S,S,S,S,S,S,S,I,S,S,S,I,S,I
0.05,S,S,S,I,S,I,S,I,S,S,S,S,I,S,S,I,S,S,S,I,S,I
0.05,S,S,S,I,S,I,S,I,I,S,S,S,I,S,S,I,S,S,S,I,S,I
0.01,S,S,S,I,S,I,S,I,I,S,S,S,I,S,S,I,S,S,I,I,S,I
0.06,S,S,S,I,S,I,S,S,I,S,S,S,I,S,S,I,S,S,I,I,S,I
0.13,S,S,S,I,S,I,S,S,I,S,S,S,I,S,S,I,S,S,S,I,S,I
0.07,S,S,S,I,S,I,S,S,I,S,S,S,I,I,S,I,S,S,S,I,S,I
0.01,S,S,S,I,S,I,S,S,I,S,S,S,I,S,S,I,S,S,S,I,S,I
0.12,S,S,S,I,S,S,S,S,I,S,S,S,I,S,S,I,S,S,S,I,S,I
0.10,S,S,S,I,I,S,S,S,I,S,S,S,I,S,S,I,S,S,S,I,S,I
0.15,S,S,S,I,I,S,S,S,I,S,S,S,I,S,S,S,S,S,S,I,S,I
0.47,S,S,S,I,I,S,S,S,I,S,I,S,I,S,S,S,S,S,S,I,S,I
0.01,S,S,S,I,I,S,S,S,I,S,S,S,I,S,S,S,S,S,S,I,S,I
0.08,S,S,S,I,I,S,S,S,I,S,S,S,I,I,S,S,S,S,S,I,S,I
0.03,S,S,S,I,I,S,S,S,I,S,S,I,I,I,S,S,S,S,S,I,S,I
0.17,S,S,S,I,I,S,S,S,I,S,S,I,I,I,S,S,S,S,S,S,S,I
0.07,S,S,S,I,I,S,S,S,I,S,S,I,I,I,S,S,S,S,I,S,S,I
0.00,S,S,I,I,I,S,S,S,I,S,S,I,I,I,S,S,S,S,I,S,S,I
0.07,S,S,S,I,I,S,S,S,I,S,S,I,I,I,S,S,S,S,I,S,S,I
0.03,S,S,S,I,I,S,S,S,I,S,S,I,I,I,S,S,S,S,I,I,S,I
0.21,S,S,S,I,I,S,S,S,I,S,S,I,I,I,S,S,S,S,I,I,I,I
0.05,S,S,S,I,I,S,S,S,I,S,I,I,I,I,S,S,S,S,I,I,I,I
0.21,S,S,S,I,I,S,S,S,I,S,I,I,I,I,S,S,S,S,S,I,I,I
0.04,S,S,S,I,S,S,S,S,I,S,I,I,I,I,S,S,S,S,S,I,I,I
0.08,S,S,S,I,S,S,I,S,I,S,I,I,I,I,S,S,S,S,S,I,I,I
0.07,S,S,S,S,S,S,I,S,I,S,I,I,I,I,S,S,S,S,S,I,I,I
0.05,S,S,S,S,S,S,I,S,I,S,I,I,I,I,S,S,S,S,I,I,I,I
0.00,S,S,S,S,S,S,I,S,I,S,I,I,I,I,S,S,I,S,I,I,I,I
0.05,S,S,S,S,S,S,I,S,I,S,I,I,I,I,S,S,S,S,I,I,I,I
0.00,S,S,I,S,S,S,I,S,I,S,I,I,I,I,S,S,S,S,I,I,I,I
0.04,S,S,S,S,S,S,I,S,I,S,I,I,I,I,S,S,S,S,I,I,I,I
0.04,S,S,S,S,S,S,I,I,I,S,I,I,I,I,S,S,S,S,I,I,I,I
0.03,S,S,S,I,S,S,I,I,I,S,I,I,I,I,S,S,S,S,I,I,I,I
0.07,S,S,S,I,S,S,I,I,I,S,I,I,S,I,S,S,S,S,I,I,I,I
0.01,S,I,S,I,S,S,I,I,I,S,I,I,S,I,S,S,S,S,I,I,I,I
0.10,S,I,S,I,S,S,I,I,I,S,I,I,S,I,S,S,S,S,I,I,I,S
0.08,S,I,S,I,S,S,I,I,I,S,I,I,S,I,S,S,S,S,I,I,S,S
0.00,S,I,S,I,S,S,I,I,I,S,I,I,S,I,S,S,S,S,I,I,I,S
0.03,S,I,S,I,S,S,I,S,I,S,I,I,S,I,S,S,S,S,I,I,I,S
0.03,S,S,S,I,S,S,I,S,I,S,I,I,S,I,S,S,S,S,I,I,I,S
0.02,S,S,S,I,S,S,I,S,I,S,I,I,S,I,S,S,S,S,I,I,I,I
0.01,S,S,S,S,S,S,I,S,I,S,I,I,S,I,S,S,S,S,I,I,I,I
0.01,S,S,S,S,S,S,I,S,I,S,S,I,S,I,S,S,S,S,I,I,I,I
0.05,S,S,S,S,S,S,I,S,I,S,S,I,S,I,S,S,S,S,I,I,I,S
0.03,S,S,S,I,S,S,I,S,I,S,S,I,S,I,S,S,S,S,I,I,I,S
0.09,S,I,S,I,S,S,I,S,I,S,S,I,S,I,S,S,S,S,I,I,I,S
0.06,S,I,S,I,S,I,I,S,I,S,S,I,S,I,S,S,S,S,I,I,I,S
0.05,S,I,S,I,S,I,S,S,I,S,S,I,S,I,S,S,S,S,I,I,I,S
0.04,S,I,S,I,S,I,S,S,I,S,S,S,S,I,S,S,S,S,I,I,I,S
0.00,S,I,S,I,S,I,S,S,I,S,S,S,S,I,S,I,S,S,I,I,I,S
0.01,I,I,S,I,S,I,S,S,I,S,S,S,S,I,S,I,S,S,I,I,I,S
0.12,I,I,S,I,S,I,I,S,I,S,S,S,S,I,S,I,S,S,I,I,I,S
0.04,I,I,S,I,S,I,I,S,I,S,S,S,S,I,S,I,S,S,I,I,I,I
0.04,I,I,S,I,S,I,I,S,I,S,S,S,S,S,S,I,S,S,I,I,I,I
0.12,I,I,S,I,S,I,I,S,I,S,I,S,S,S,S,I,S,S,I,I,I,I
0.13,I,S,S,I,S,I,I,S,I,S,I,S,S,S,S,I,S,S,I,I,I,I
0.03,I,S,S,I,S,I,S,S,I,S,I,S,S,S,S,I,S,S,I,I,I,I
0.08,I,S,S,I,S,I,S,S,I,S,I,S,S,S,I,I,S,S,I,I,I,I
0.05,I,S,S,I,S,I,S,S,I,S,I,S,S,S,S,I,S,S,I,I,I,I
0.03,I,S,S,I,S,I,S,I,I,S,I,S,S,S,S,I,S,S,I,I,I,I
0.14,I,S,S,I,S,S,S,I,I,S,I,S,S,S,S,I,S,S,I,I,I,I
0.10,I,S,S,I,S,I,S,I,I,S,I,S,S,S,S,I,S,S,I,I,I,I
0.00,I,S,I,I,S,I,S,I,I,S,I,S,S,S,S,I,S,S,I,I,I,I
0.08,I,S,I,I,S,I,I,I,I,S,I,S,S,S,S,I,S,S,I,I,I,I
0.01,I,S,I,S,S,I,I,I,I,S,I,S,S,S,S,I,S,S,I,I,I,I
0.07,I,S,I,S,S,I,I,S,I,S,I,S,S,S,S,I,S,S,I,I,I,I
0.02,I,S,I,S,S,I,I,S,I,S,I,S,S,S,S,S,S,S,I,I,I,I
0.03,I,S,I,S,S,I,I,S,I,S,I,S,S,I,S,S,S,S,I,I,I,I
0.07,I,S,I,S,S,I,I,S,I,S,I,I,S,I,S,S,S,S,I,I,I,I
0.03,I,S,I,S,S,I,I,S,I,S,I,I,S,I,S,I,S,S,I,I,I,I
0.08,I,S,I,S,S,I,I,S,I,S,I,S,S,I,S,I,S,S,I,I,I,I
0.07,I,S,I,S,S,I,I,S,I,S,I,S,S,I,S,I,S,S,I,I,I,S
0.05,I,S,I,S,S,I,I,S,I,S,I,S,S,S,S,I,S,S,I,I,I,S
0.01,I,S,I,S,S,I,S,S,I,S,I,S,S,S,S,I,S,S,I,I,I,S
0.16,I,S,I,I,S,I,S,S,I,S,I,S,S,S,S,I,S,S,I,I,I,S
0.25,I,S,I,I,S,I,S,S,I,S,I,S,S,S,S,I,S,I,I,I,I,S
0.12,I,S,I,S,S,I,S,S,I,S,I,S,S,S,S,I,S,I,I,I,I,S
0.01,I,S,I,S,S,I,S,S,I,S,I,S,S,S,S,I,S,I,S,I,I,S
0.07,I,S,I,S,S,I,S,S,I,S,I,S,S,S,S,I,S,I,I,I,I,S
0.07,I,S,I,S,S,I,S,S,I,S,S,S,S,S,S,I,S,I,I,I,I,S
0.06,I,S,I,S,S,I,S,S,I,S,S,S,S,S,S,I,S,I,I,S,I,S
0.11,I,S,S,S,S,I,S,S,I,S,S,S,S,S,S,I,S,I,I,S,I,S
0.09,I,S,S,S,S,I,S,I,I,S,S,S,S,S,S,I,S,I,I,S,I,S
0.32,I,S,S,S,S,I,S,S,I,S,S,S,S,S,S,I,S,I,I,S,I,S
0.07,I,S,S,S,S,I,S,S,I,S,S,S,S,S,S,I,S,I,I,S,I,I
0.07,I,I,S,S,S,I,S,S,I,S,S,S,S,S,S,I,S,I,I,S,I,I
0.01,I,I,S,S,S,I,S,I,I,S,S,S,S,S,S,I,S,I,I,S,I,I
0.02,I,I,S,S,S,I,S,I,I,S,I,S,S,S,S,I,S,I,I,S,I,I
0.04,I,I,S,S,S,I,S,I,I,S,I,S,S,S,S,I,I,I,I,S,I,I
0.06,I,I,S,S,S,I,S,S,I,S,I,S,S,S,S,I,I,I,I,S,I,I
0.06,I,I,S,S,S,I,S,S,I,S,I,I,S,S,S,I,I,I,I,S,I,I
0.09,I,I,S,S,S,I,S,S,I,S,I,I,S,S,S,I,I,I,I,S,S,I
0.04,S,I,S,S,S,I,S,S,I,S,I,I,S,S,S,I,I,I,I,S,S,I
0.05,I,I,S,S,S,I,S,S,I,S,I,I,S,S,S,I,I,I,I,S,S,I
0.08,I,I,S,S,S,I,S,S,I,S,I,I,I,S,S,I,I,I,I,S,S,I
0.04,S,I,S,S,S,I,S,S,I,S,I,I,I,S,S,I,I,I,I,S,S,I
0.03,S,I,S,S,S,I,S,S,I,S,I,I,I,S,S,I,I,I,I,S,S,S
0.02,S,I,S,S,S,I,S,S,I,S,I,I,S,S,S,I,I,I,I,S,S,S
0.04,S,S,S,S,S,I,S,S,I,S,I,I,S,S,S,I,I,I,I,S,S,S
0.15,S,S,S,S,S,I,S,S,I,S,I,I,S,S,S,I,I,I,I,S,S,I
0.10,S,S,S,S,S,I,S,S,I,S,I,I,S,S,S,I,I,I,I,I,S,I
0.06,S,S,S,S,S,I,S,S,I,S,I,I,S,S,S,I,I,I,I,I,I,I
0.03,S,S,S,S,S,I,I,S,I,S,I,I,S,S,S,I,I,I,I,I,I,I
0.04,S,S,S,S,S,I,I,S,S,S,I,I,S,S,S,I,I,I,I,I,I,I
0.03,S,S,S,S,S,I,I,S,S,S,I,I,S,I,S,I,I,I,I,I,I,I
0.05,S,S,S,S,S,I,S,S,S,S,I,I,S,I,S,I,I,I,I,I,I,I
0.05,S,S,S,S,S,I,S,S,S,S,I,I,S,I,S,I,I,I,I,I,I,S
0.02,S,S,S,S,S,I,S,S,S,S,I,I,I,I,S,I,I,I,I,I,I,S
0.01,S,S,S,S,S,I,S,S,S,S,I,I,S,I,S,I,I,I,I,I,I,S
0.02,S,S,S,S,S,I,S,S,S,S,I,I,S,I,S,I,S,I,I,I,I,S
0.11,S,S,S,I,S,I,S,S,S,S,I,I,S,I,S,I,S,I,I,I,I,S
0.08,S,S,S,I,S,I,S,S,S,S,I,I,S,S,S,I,S,I,I,I,I,S
0.05,S,S,S,I,S,I,S,S,S,S,I,I,S,S,S,I,S,I,I,I,S,S
0.09,S,S,S,I,S,I,S,S,S,S,I,I,S,S,S,I,S,I,I,I,S,I
0.03,S,S,S,I,S,I,S,S,S,S,S,I,S,S,S,I,S,I,I,I,S,I
0.07,S,I,S,I,S,I,S,S,S,S,S,I,S,S,S,I,S,I,I,I,S,I
0.02,S,I,I,I,S,I,S,S,S,S,S,I,S,S,S,I,S,I,I,I,S,I
0.12,S,I,I,I,S,I,S,S,S,S,S,S,S,S,S,I,S,I,I,I,S,I
0.24,S,I,I,I,S,I,S,S,S,S,S,S,S,S,S,I,S,I,S,I,S,I
0.04,S,I,I,I,S,I,S,S,I,S,S,S,S,S,S,I,S,I,S,I,S,I
0.15,S,I,I,S,S,I,S,S,I,S,S,S,S,S,S,I,S,I,S,I,S,I
0.05,S,I,I,S,S,I,S,S,I,S,S,S,I,S,S,I,S,I,S,I,S,I
0.02,S,I,I,S,S,I,S,S,S,S,S,S,I,S,S,I,S,I,S,I,S,I
0.11,S,I,I,S,S,I,I,S,S,S,S,S,I,S,S,I,S,I,S,I,S,I
0.02,S,I,I,S,S,I,I,S,S,S,S,S,I,S,S,I,S,I,S,I,S,S
0.11,S,I,I,S,S,I,I,I,S,S,S,S,I,S,S,I,S,I,S,I,S,S
0.02,S,I,I,S,S,I,I,I,S,S,S,S,I,S,S,I,S,I,S,S,S,S
0.04,S,I,I,S,S,I,I,I,S,S,S,S,I,I,S,I,S,I,S,S,S,S
0.12,S,S,I,S,S,I,I,I,S,S,S,S,I,I,S,I,S,I,S,S,S,S
0.15,S,S,I,S,S,I,I,I,S,S,S,S,I,I,S,I,S,I,I,S,S,S
0.10,S,S,I,S,S,I,I,I,S,S,I,S,I,I,S,I,S,I,I,S,S,S
0.15,S,S,S,S,S,I,I,I,S,S,I,S,I,I,S,I,S,I,I,S,S,S
0.26,S,S,S,S,S,S,I,I,S,S,I,S,I,I,S,I,S,I,I,S,S,S
0.02,S,S,S,S,S,S,I,I,S,S,S,S,I,I,S,I,S,I,I,S,S,S
0.02,S,S,S,S,S,S,I,I,S,S,S,S,I,I,S,I,S,I,S,S,S,S
0.03,S,S,S,S,S,S,I,I,S,S,S,S,I,I,S,I,S,I,S,S,I,S
0.04,S,S,S,S,S,S,I,I,S,S,S,S,I,I,S,I,S,I,S,S,I,I
0.07,S,S,S,S,S,S,I,I,S,S,S,S,I,S,S,I,S,I,S,S,I,I
0.12,S,S,S,S,S,S,I,I,S,S,S,S,I,S,S,I,I,I,S,S,I,I
0.01,S,S,S,S,S,S,I,I,S,S,S,S,I,S,S,I,I,I,S,S,I,S
0.15,S,S,S,S,S,S,I,I,S,S,S,S,I,S,S,I,S,I,S,S,I,S
0.03,S,I,S,S,S,S,I,I,S,S,S,S,I,S,S,I,S,I,S,S,I,S
0.07,S,I,S,S,S,S,I,I,S,S,S,S,I,S,S,I,S,S,S,S,I,S
0.01,S,S,S,S,S,S,I,I,S,S,S,S,I,S,S,I,S,S,S,S,I,S
0.04,S,S,S,S,S,I,I,I,S,S,S,S,I,S,S,I,S,S,S,S,I,S
0.06,S,S,S,S,S,I,I,I,S,S,S,S,I,S,S,I,S,S,I,S,I,S
0.03,I,S,S,S,S,I,I,I,S,S,S,S,I,S,S,I,S,S,I,S,I,S
0.05,I,S,S,S,I,I,I,I,S,S,S,S,I,S,S,I,S,S,I,S,I,S
0.01,I,S,S,S,S,I,I,I,S,S,S,S,I,S,S,I,S,S,I,S,I,S
0.02,I,S,S,S,S,S,I,I,S,S,S,S,I,S,S,I,S,S,I,S,I,S
0.23,I,S,S,S,S,S,I,I,I,S,S,S,I,S,S,I,S,S,I,S,I,S
0.20,I,S,S,S,S,S,I,I,I,S,S,I,I,S,S,I,S,S,I,S,I,S
0.03,I,S,S,S,S,I,I,I,I,S,S,I,I,S,S,I,S,S,I,S,I,S
0.04,I,S,S,S,S,I,I,I,I,S,S,I,I,S,S,I,S,S,I,S,I,I
0.07,I,S,S,S,S,I,I,I,I,S,S,S,I,S,S,I,S,S,I,S,I,I
0.03,I,S,S,S,S,I,I,I,I,S,S,S,S,S,S,I,S,S,I,S,I,I
0.05,I,I,S,S,S,I,I,I,I,S,S,S,S,S,S,I,S,S,I,S,I,I
0.02,I,I,S,S,S,I,I,I,I,S,S,S,S,S,I,I,S,S,I,S,I,I
0.17,I,I,S,S,S,I,I,I,I,S,S,S,S,S,I,I,S,S,I,S,S,I
0.08,I,I,S,S,S,I,I,I,I,S,S,S,S,S,I,I,S,I,I,S,S,I
0.07,I,I,S,S,S,I,I,I,I,I,S,S,S,S,I,I,S,I,I,S,S,I
0.14,I,I,S,S,I,I,I,I,I,I,S,S,S,S,I,I,S,I,I,S,S,I
0.01,I,I,S,S,I,I,I,S,I,I,S,S,S,S,I,I,S,I,I,S,S,I
0.04,I,I,S,S,I,I,I,S,I,I,S,S,S,S,I,I,I,I,I,S,S,I
0.17,I,S,S,S,I,I,I,S,I,I,S,S,S,S,I,I,I,I,I,S,S,I
0.03,I,S,S,S,I,I,I,S,I,S,S,S,S,S,I,I,I,I,I,S,S,I
0.01,I,S,S,S,S,I,I,S,I,S,S,S,S,S,I,I,I,I,I,S,S,I
0.05,I,S,S,S,S,I,I,S,I,S,S,S,S,S,I,I,I,I,I,S,S,S
0.02,I,S,S,S,S,I,I,S,I,S,S,S,S,S,I,I,I,I,I,S,I,S
0.14,S,S,S,S,S,I,I,S,I,S,S,S,S,S,I,I,I,I,I,S,I,S
0.05,S,S,S,I,S,I,I,S,I,S,S,S,S,S,I,I,I,I,I,S,I,S
0.14,S,S,S,I,S,I,I,S,I,S,S,S,S,S,I,I,I,I,I,I,I,S
0.03,S,S,S,I,S,I,I,S,I,S,S,S,S,S,I,I,I,I,I,S,I,S
0.72,S,S,S,I,S,I,I,S,I,S,S,S,S,S,I,I,I,I,S,S,I,S
0.01,S,S,S,I,S,I,I,S,I,S,S,S,I,S,I,I,I,I,S,S,I,S
0.04,S,S,S,I,S,I,I,S,S,S,S,S,I,S,I,I,I,I,S,S,I,S
0.06,S,S,S,I,S,I,I,S,S,S,S,S,S,S,I,I,I,I,S,S,I,S
0.03,S,I,S,I,S,I,I,S,S,S,S,S,S,S,I,I,I,I,S,S,I,S
0.11,S,I,S,I,S,I,I,S,S,S,S,S,S,S,I,I,I,I,I,S,I,S
0.05,S,I,S,I,S,I,I,S,S,S,S,S,S,S,I,I,I,S,I,S,I,S
0.05,S,I,S,I,S,I,I,S,S,S,S,S,S,S,I,I,I,S,I,S,S,S
0.07,S,I,S,I,S,S,I,S,S,S,S,S,S,S,I,I,I,S,I,S,S,S
0.06,S,I,S,I,S,S,I,S,I,S,S,S,S,S,I,I,I,S,I,S,S,S
0.09,S,I,S,I,S,S,I,S,I,S,S,I,S,S,I,I,I,S,I,S,S,S
0.06,S,I,S,I,I,S,I,S,I,S,S,I,S,S,I,I,I,S,I,S,S,S
0.09,S,I,S,I,I,S,I,S,I,S,S,I,S,S,I,I,I,I,I,S,S,S
0.00,S,I,S,I,I,S,I,S,I,S,S,I,S,S,I,I,I,I,I,S,I,S
0.01,S,I,S,I,I,S,I,S,I,S,S,I,S,S,I,I,I,I,I,I,I,S
0.03,S,S,S,I,I,S,I,S,I,S,S,I,S,S,I,I,I,I,I,I,I,S
0.03,S,S,S,I,I,S,I,S,I,S,S,I,S,S,I,I,I,I,S,I,I,S
0.07,S,S,S,I,I,S,I,S,I,S,S,I,S,I,I,I,I,I,S,I,I,S
0.07,S,S,S,I,S,S,I,S,I,S,S,I,S,I,I,I,I,I,S,I,I,S
0.04,S,S,S,I,S,S,I,S,I,S,S,I,S,I,S,I,I,I,S,I,I,S
0.02,S,S,S,I,S,I,I,S,I,S,S,I,S,I,S,I,I,I,S,I,I,S
0.02,S,S,S,I,S,I,I,S,I,S,S,I,S,I,I,I,I,I,S,I,I,S
0.03,S,S,S,I,S,I,I,S,I,S,S,I,S,I,I,I,I,I,S,I,S,S
0.08,S,S,S,I,S,I,I,S,I,S,S,I,S,I,I,S,I,I,S,I,S,S
0.15,S,S,S,I,S,I,S,S,I,S,S,I,S,I,I,S,I,I,S,I,S,S
0.03,S,S,S,I,S,I,S,I,I,S,S,I,S,I,I,S,I,I,S,I,S,S
0.13,S,S,S,I,S,I,S,I,I,S,S,I,S,I,I,S,S,I,S,I,S,S
0.09,S,S,S,I,S,I,S,I,I,I,S,I,S,I,I,S,S,I,S,I,S,S
0.04,S,S,S,I,S,I,S,I,I,I,S,I,S,I,I,S,S,S,S,I,S,S
0.00,S,S,S,I,S,I,S,I,I,I,S,I,S,I,S,S,S,S,S,I,S,S
0.00,S,I,S,I,S,I,S,I,I,I,S,I,S,I,S,S,S,S,S,I,S,S
0.06,S,I,S,S,S,I,S,I,I,I,S,I,S,I,S,S,S,S,S,I,S,S
0.01,S,I,S,S,S,I,S,I,I,I,S,I,I,I,S,S,S,S,S,I,S,S
0.04,S,I,S,S,S,I,S,I,I,I,S,I,I,I,S,S,S,S,S,I,I,S
0.05,S,I,S,S,S,I,S,I,I,I,S,I,S,I,S,S,S,S,S,I,I,S
0.27,S,I,S,S,S,I,S,I,I,I,S,I,S,I,S,S,S,S,S,I,S,S
0.13,S,I,S,S,S,I,S,I,I,S,S,I,S,I,S,S,S,S,S,I,S,S
0.04,S,I,S,S,S,S,S,I,I,S,S,I,S,I,S,S,S,S,S,I,S,S
0.06,S,I,S,S,S,S,S,I,I,S,S,I,S,I,S,S,S,I,S,I,S,S
0.24,S,I,S,S,S,S,S,I,I,S,S,I,S,I,S,S,S,I,S,I,I,S
0.03,I,I,S,S,S,S,S,I,I,S,S,I,S,I,S,S,S,I,S,I,I,S
0.04,I,I,S,S,S,S,S,I,I,S,S,I,S,I,S,S,S,S,S,I,I,S
0.01,I,I,S,S,S,S,S,I,I,S,S,I,S,I,S,S,I,S,S,I,I,S
0.01,I,I,S,S,S,S,S,S,I,S,S,I,S,I,S,S,I,S,S,I,I,S
0.11,I,I,S,S,S,S,S,S,I,S,I,I,S,I,S,S,I,S,S,I,I,S
0.05,I,I,S,S,I,S,S,S,I,S,I,I,S,I,S,S,I,S,S,I,I,S
0.10,I,I,S,S,I,S,S,S,I,S,I,I,S,I,S,S,S,S,S,I,I,S
0.21,I,I,S,S,I,S,S,S,I,S,I,I,S,I,S,S,S,S,S,I,S,S
0.01,I,I,S,S,I,S,S,I,I,S,I,I,S,I,S,S,S,S,S,I,S,S
0.03,I,I,S,S,I,S,S,S,I,S,I,I,S,I,S,S,S,S,S,I,S,S
0.26,I,I,S,S,I,S,S,S,I,S,I,I,S,I,S,S,S,S,S,S,S,S
0.01,I,S,S,S,I,S,S,S,I,S,I,I,S,I,S,S,S,S,S,S,S,S
0.02,I,I,S,S,I,S,S,S,I,S,I,I,S,I,S,S,S,S,S,S,S,S
0.01,I,I,S,S,I,S,S,S,I,S,I,I,S,S,S,S,S,S,S,S,S,S
0.02,I,I,S,S,S,S,S,S,I,S,I,I,S,S,S,S,S,S,S,S,S,S
0.02,I,I,S,S,S,S,S,S,I,S,I,I,S,S,S,S,S,I,S,S,S,S
0.07,I,I,S,S,S,S,S,I,I,S,I,I,S,S,S,S,S,I,S,S,S,S
0.05,I,I,S,S,S,S,S,I,I,S,I,I,S,S,S,S,I,I,S,S,S,S
0.03,I,I,S,S,S,S,S,I,I,S,I,I,S,I,S,S,I,I,S,S,S,S
0.02,I,I,S,S,S,S,S,I,I,I,I,I,S,I,S,S,I,I,S,S,S,S
0.02,I,S,S,S,S,S,S,I,I,I,I,I,S,I,S,S,I,I,S,S,S,S
0.03,I,S,S,S,S,S,S,I,S,I,I,I,S,I,S,S,I,I,S,S,S,S
0.03,I,S,S,S,S,S,S,S,S,I,I,I,S,I,S,S,I,I,S,S,S,S
0.17,S,S,S,S,S,S,S,S,S,I,I,I,S,I,S,S,I,I,S,S,S,S
0.00,S,S,S,S,S,S,S,S,S,I,S,I,S,I,S,S,I,I,S,S,S,S
0.15,S,S,S,S,S,S,S,S,S,I,S,I,S,I,S,I,I,I,S,S,S,S
0.11,S,S,S,S,S,S,S,S,S,I,S,I,S,I,S,I,I,I,S,S,S,I
0.10,S,S,S,S,S,S,S,S,S,I,S,I,S,I,S,S,I,I,S,S,S,I
0.01,S,S,S,S,S,S,S,S,S,I,S,I,S,I,I,S,I,I,S,S,S,I
0.06,S,S,S,S,S,S,S,S,S,I,S,I,I,I,I,S,I,I,S,S,S,I
0.08,S,S,S,S,S,S,S,S,S,I,S,I,I,S,I,S,I,I,S,S,S,I
0.01,S,S,S,S,S,S,S,S,S,I,I,I,I,S,I,S,I,I,S,S,S,I
0.01,S,S,S,S,S,S,S,S,S,I,I,I,I,I,I,S,I,I,S,S,S,I
0.10,S,S,S,S,S,S,I,S,S,I,I,I,I,I,I,S,I,I,S,S,S,I
0.01,S,S,S,S,S,S,I,S,S,I,S,I,I,I,I,S,I,I,S,S,S,I
0.02,S,S,S,S,S,I,I,S,S,I,S,I,I,I,I,S,I,I,S,S,S,I
0.08,S,S,S,S,S,I,I,S,S,I,S,I,I,I,I,S,I,I,S,S,S,S
0.10,S,S,S,S,S,I,I,S,S,I,S,I,I,I,S,S,I,I,S,S,S,S
0.07,S,S,S,S,S,I,I,S,S,I,S,I,S,I,S,S,I,I,S,S,S,S
0.02,S,S,S,S,S,I,I,S,S,S,S,I,S,I,S,S,I,I,S,S,S,S
0.09,S,S,S,S,S,I,I,S,S,S,S,I,S,I,S,S,S,I,S,S,S,S
0.09,S,S,I,S,S,I,I,S,S,S,S,I,S,I,S,S,S,I,S,S,S,S
0.02,S,S,I,S,S,S,I,S,S,S,S,I,S,I,S,S,S,I,S,S,S,S
0.02,S,I,I,S,S,S,I,S,S,S,S,I,S,I,S,S,S,I,S,S,S,S
0.00,S,I,I,S,S,S,I,S,S,S,S,I,S,I,S,S,S,S,S,S,S,S
0.00,S,I,I,S,S,S,I,S,S,S,S,I,S,I,I,S,S,S,S,S,S,S
0.00,S,I,I,S,S,S,I,I,S,S,S,I,S,I,I,S,S,S,S,S,S,S
0.00,S,I,I,S,S,S,S,I,S,S,S,I,S,I,I,S,S,S,S,S,S,S
0.03,S,S,I,S,S,S,S,I,S,S,S,I,S,I,I,S,S,S,S,S,S,S
0.00,S,S,I,S,S,S,S,I,S,S,S,I,S,I,I,S,S,S,S,S,S,I
0.11,S,S,I,S,S,S,S,I,S,S,S,I,S,I,I,I,S,S,S,S,S,I
0.06,S,S,I,S,I,S,S,I,S,S,S,I,S,I,I,I,S,S,S,S,S,I
0.02,S,S,S,S,I,S,S,I,S,S,S,I,S,I,I,I,S,S,S,S,S,I
0.05,S,S,S,S,I,S,S,I,S,S,S,I,S,I,S,I,S,S,S,S,S,I
0.02,S,S,I,S,I,S,S,I,S,S,S,I,S,I,S,I,S,S,S,S,S,I
0.02,S,S,I,S,I,S,S,I,S,S,S,S,S,I,S,I,S,S,S,S,S,I
0.12,S,S,I,S,I,S,S,I,S,S,S,S,S,I,S,S,S,S,S,S,S,I
0.01,S,S,I,S,S,S,S,I,S,S,S,S,S,I,S,S,S,S,S,S,S,I
0.00,S,I,I,S,S,S,S,I,S,S,S,S,S,I,S,S,S,S,S,S,S,I
0.00,S,I,I,S,S,S,S,I,S,S,S,S,S,I,S,S,S,S,S,S,S,S
0.00,S,I,I,S,S,S,S,I,I,S,S,S,S,I,S,S,S,S,S,S,S,S
0.12,S,I,I,S,S,S,S,I,I,S,S,S,S,I,S,S,S,I,S,S,S,S
0.10,S,I,I,S,S,S,S,I,I,I,S,S,S,I,S,S,S,I,S,S,S,S
0.20,S,I,I,S,S,S,S,I,I,I,S,I,S,I,S,S,S,I,S,S,S,S
0.01,S,I,I,S,S,S,S,I,I,I,S,I,S,S,S,S,S,I,S,S,S,S
0.05,S,I,I,I,S,S,S,I,I,I,S,I,S,S,S,S,S,I,S,S,S,S
0.09,S,I,I,I,S,I,S,I,I,I,S,I,S,S,S,S,S,I,S,S,S,S
0.11,S,I,I,I,S,I,S,I,I,S,S,I,S,S,S,S,S,I,S,S,S,S
0.03,S,I,I,I,S,I,S,I,I,S,S,I,S,S,S,S,S,I,S,S,I,S
0.05,S,I,I,I,S,I,S,I,I,S,S,I,S,I,S,S,S,I,S,S,I,S
0.11,S,I,I,I,S,I,S,I,I,S,S,I,S,I,S,S,S,I,S,S,S,S
0.09,S,I,I,I,S,I,S,I,I,S,S,I,S,I,S,S,S,I,S,I,S,S
0.02,S,I,I,I,S,I,S,I,I,S,S,S,S,I,S,S,S,I,S,I,S,S
0.01,S,I,I,I,S,S,S,I,I,S,S,S,S,I,S,S,S,I,S,I,S,S
0.01,S,S,I,I,S,S,S,I,I,S,S,S,S,I,S,S,S,I,S,I,S,S
0.06,S,S,I,I,S,S,S,I,I,I,S,S,S,I,S,S,S,I,S,I,S,S
0.10,S,S,I,I,S,S,S,I,I,I,S,S,I,I,S,S,S,I,S,I,S,S
0.21,S,S,I,I,S,S,S,S,I,I,S,S,I,I,S,S,S,I,S,I,S,S
0.31,S,S,I,I,S,S,S,S,S,I,S,S,I,I,S,S,S,I,S,I,S,S
0.05,S,S,I,I,S,S,S,S,S,I,S,S,I,I,S,S,S,S,S,I,S,S
0.02,S,S,S,I,S,S,S,S,S,I,S,S,I,I,S,S,S,S,S,I,S,S
0.10,S,S,S,I,S,S,S,S,S,I,S,S,I,S,S,S,S,S,S,I,S,S
0.39,S,S,S,I,S,S,S,I,S,I,S,S,I,S,S,S,S,S,S,I,S,S
0.01,S,I,S,I,S,S,S,I,S,I,S,S,I,S,S,S,S,S,S,I,S,S
0.00,S,I,S,I,S,S,S,S,S,I,S,S,I,S,S,S,S,S,S,I,S,S
0.08,I,I,S,I,S,S,S,S,S,I,S,S,I,S,S,S,S,S,S,I,S,S
0.19,I,I,S,I,S,S,S,S,S,S,S,S,I,S,S,S,S,S,S,I,S,S
0.00,I,I,S,I,S,S,I,S,S,S,S,S,I,S,S,S,S,S,S,I,S,S
0.02,I,I,S,I,S,S,I,S,S,S,S,S,I,S,S,S,S,S,S,S,S,S
0.17,I,I,S,I,S,S,I,S,S,I,S,S,I,S,S,S,S,S,S,S,S,S
0.01,I,S,S,I,S,S,I,S,S,I,S,S,I,S,S,S,S,S,S,S,S,S
0.11,I,S,S,I,S,S,I,S,S,I,S,S,I,S,S,S,I,S,S,S,S,S
0.02,I,S,S,I,S,S,I,S,S,I,S,S,I,S,S,S,S,S,S,S,S,S
0.00,I,S,S,I,S,S,I,S,S,I,S,S,I,S,I,S,S,S,S,S,S,S
0.09,I,S,S,I,S,S,I,S,S,I,S,S,I,S,I,S,S,S,S,I,S,S
0.40,I,S,I,I,S,S,I,S,S,I,S,S,I,S,I,S,S,S,S,I,S,S
0.11,I,S,I,I,S,S,I,S,S,I,S,S,I,S,I,S,S,S,S,S,S,S
0.00,I,S,I,I,S,S,I,S,S,I,S,S,I,S,I,S,S,S,S,S,I,S
0.02,I,S,I,I,S,S,I,S,S,I,S,S,I,S,S,S,S,S,S,S,I,S
0.03,I,I,I,I,S,S,I,S,S,I,S,S,I,S,S,S,S,S,S,S,I,S
0.03,I,I,I,I,S,S,I,S,S,I,S,S,S,S,S,S,S,S,S,S,I,S
0.16,I,I,I,I,S,S,I,S,S,I,S,S,S,S,S,S,S,S,S,S,I,I
0.11,S,I,I,I,S,S,I,S,S,I,S,S,S,S,S,S,S,S,S,S,I,I
0.20,S,I,I,I,S,S,I,S,S,I,S,S,S,S,S,S,S,S,S,S,S,I
0.05,S,S,I,I,S,S,I,S,S,I,S,S,S,S,S,S,S,S,S,S,S,I
0.00,S,S,I,I,S,I,I,S,S,I,S,S,S,S,S,S,S,S,S,S,S,I
0.01,S,S,I,I,S,I,I,S,S,S,S,S,S,S,S,S,S,S,S,S,S,I
0.13,S,S,S,I,S,I,I,S,S,S,S,S,S,S,S,S,S,S,S,S,S,I
0.03,S,S,S,I,S,S,I,S,S,S,S,S,S,S,S,S,S,S,S,S,S,I
0.03,S,S,S,I,S,S,I,S,I,S,S,S,S,S,S,S,S,S,S,S,S,I
0.26,S,S,S,S,S,S,I,S,I,S,S,S,S,S,S,S,S,S,S,S,S,I
0.06,S,S,I,S,S,S,I,S,I,S,S,S,S,S,S,S,S,S,S,S,S,I
0.23,S,S,I,S,S,S,I,S,I,S,S,S,S,S,S,S,S,S,S,S,S,S
0.04,S,S,I,S,I,S,I,S,I,S,S,S,S,S,S,S,S,S,S,S,S,S
0.18,S,S,I,S,I,S,I,S,I,S,S,S,S,S,S,S,I,S,S,S,S,S
0.02,S,S,I,S,I,S,I,S,I,S,S,S,S,S,S,S,I,I,S,S,S,S
0.13,S,S,I,S,I,S,I,S,I,S,S,S,S,I,S,S,I,I,S,S,S,S
0.07,S,S,I,S,S,S,I,S,I,S,S,S,S,I,S,S,I,I,S,S,S,S
0.05,S,S,I,I,S,S,I,S,I,S,S,S,S,I,S,S,I,I,S,S,S,S
0.03,S,S,I,I,S,S,I,S,S,S,S,S,S,I,S,S,I,I,S,S,S,S
0.01,S,S,I,I,S,S,I,S,S,S,S,S,S,S,S,S,I,I,S,S,S,S
0.08,S,S,I,S,S,S,I,S,S,S,S,S,S,S,S,S,I,I,S,S,S,S
0.20,I,S,I,S,S,S,I,S,S,S,S,S,S,S,S,S,I,I,S,S,S,S
0.08,I,S,I,S,S,I,I,S,S,S,S,S,S,S,S,S,I,I,S,S,S,S
0.14,I,S,I,S,S,I,I,S,S,S,S,S,S,S,S,S,I,I,S,I,S,S
0.00,I,S,I,S,S,I,I,S,S,S,S,S,S,I,S,S,I,I,S,I,S,S
0.04,I,S,I,I,S,I,I,S,S,S,S,S,S,I,S,S,I,I,S,I,S,S
0.08,I,S,I,I,S,I,I,S,S,S,S,S,S,I,I,S,I,I,S,I,S,S
0.03,I,I,I,I,S,I,I,S,S,S,S,S,S,I,I,S,I,I,S,I,S,S
0.09,I,I,I,I,S,I,S,S,S,S,S,S,S,I,I,S,I,I,S,I,S,S
0.14,I,I,I,I,S,I,S,S,S,S,S,S,S,I,I,S,I,S,S,I,S,S
0.10,I,I,I,I,S,I,S,S,S,S,S,S,S,I,S,S,I,S,S,I,S,S
0.05,I,I,I,I,S,S,S,S,S,S,S,S,S,I,S,S,I,S,S,I,S,S
0.00,I,I,S,I,S,S,S,S,S,S,S,S,S,I,S,S,I,S,S,I,S,S
0.10,I,I,S,I,S,S,S,S,S,S,S,S,S,I,S,S,I,S,I,I,S,S
0.06,S,I,S,I,S,S,S,S,S,S,S,S,S,I,S,S,I,S,I,I,S,S
0.09,S,I,S,I,S,S,S,S,S,S,S,S,S,S,S,S,I,S,I,I,S,S
0.04,S,I,S,I,S,S,S,S,S,S,S,S,S,S,S,S,I,S,I,S,S,S
0.13,S,I,S,I,S,S,S,S,S,S,S,S,S,S,S,S,I,S,S,S,S,S
0.03,S,I,S,I,S,S,S,S,S,S,S,S,S,S,S,S,S,S,S,S,S,S
0.11,S,I,S,I,S,S,S,S,I,S,S,S,S,S,S,S,S,S,S,S,S,S
0.05,S,I,S,I,S,S,S,S,S,S,S,S,S,S,S,S,S,S,S,S,S,S
0.05,S,I,S,I,S,S,S,S,I,S,S,S,S,S,S,S,S,S,S,S,S,S
0.02,S,I,S,I,I,S,S,S,I,S,S,S,S,S,S,S,S,S,S,S,S,S
0.01,S,I,S,I,S,S,S,S,I,S,S,S,S,S,S,S,S,S,S,S,S,S
0.04,S,I,S,I,S,S,S,I,I,S,S,S,S,S,S,S,S,S,S,S,S,S
0.32,S,I,S,I,S,S,S,S,I,S,S,S,S,S,S,S,S,S,S,S,S,S
0.03,S,I,S,S,S,S,S,S,I,S,S,S,S,S,S,S,S,S,S,S,S,S
0.01,S,I,S,S,S,S,S,S,S,S,S,S,S,S,S,S,S,S,S,S,S,S
0.06,S,I,S,I,S,S,S,S,S,S,S,S,S,S,S,S,S,S,S,S,S,S
0.29,S,I,S,I,S,S,S,S,S,S,S,S,S,S,I,S,S,S,S,S,S,S
0.06,S,I,S,I,S,S,I,S,S,S,S,S,S,S,I,S,S,S,S,S,S,S
0.03,S,I,S,I,S,S,I,S,S,S,S,S,S,S,I,S,S,S,I,S,S,S
0.15,S,I,S,I,S,S,I,S,S,S,S,S,S,S,I,S,S,S,I,S,I,S
0.12,S,I,S,I,S,S,I,S,S,S,S,S,S,S,I,S,S,I,I,S,I,S
0.09,S,I,S,I,S,S,I,S,S,S,S,I,S,S,I,S,S,I,I,S,I,S
0.00,S,S,S,I,S,S,I,S,S,S,S,I,S,S,I,S,S,I,I,S,I,S
0.02,S,S,S,I,S,S,I,S,S,S,S,I,S,S,I,S,S,I,I,S,I,I
0.00,S,S,S,I,S,S,I,S,S,S,S,S,S,S,I,S,S,I,I,S,I,I
0.14,I,S,S,I,S,S,I,S,S,S,S,S,S,S,I,S,S,I,I,S,I,I
0.11,I,S,I,I,S,S,I,S,S,S,S,S,S,S,I,S,S,I,I,S,I,I
0.03,I,S,S,I,S,S,I,S,S,S,S,S,S,S,I,S,S,I,I,S,I,I
0.01,I,S,S,I,S,S,I,S,S,S,S,S,S,S,S,S,S,I,I,S,I,I
0.01,I,S,S,I,S,S,I,S,S,S,S,S,S,S,S,S,S,I,I,I,I,I
0.10,I,S,S,I,S,S,I,I,S,S,S,S,S,S,S,S,S,I,I,I,I,I
0.03,I,S,S,I,I,S,I,I,S,S,S,S,S,S,S,S,S,I,I,I,I,I
0.37,I,S,S,I,I,S,I,I,S,S,S,S,S,S,S,S,S,I,S,I,I,I
0.06,I,S,S,I,I,S,I,S,S,S,S,S,S,S,S,S,S,I,S,I,I,I
0.07,I,S,S,I,I,S,I,S,S,S,S,S,S,S,S,S,S,I,S,I,I,S
0.00,I,S,S,S,I,S,I,S,S,S,S,S,S,S,S,S,S,I,S,I,I,S
0.21,I,S,S,I,I,S,I,S,S,S,S,S,S,S,S,S,S,I,S,I,I,S
0.18,I,S,S,I,I,S,I,S,S,S,S,S,S,S,S,S,S,I,S,I,I,I
0.36,I,S,S,I,I,I,I,S,S,S,S,S,S,S,S,S,S,I,S,I,I,I
0.00,I,S,S,S,I,I,I,S,S,S,S,S,S,S,S,S,S,I,S,I,I,I
0.02,I,S,S,S,I,I,I,S,S,S,S,I,S,S,S,S,S,I,S,I,I,I
0.01,I,S,S,S,I,I,I,S,S,S,S,S,S,S,S,S,S,I,S,I,I,I
0.02,I,S,S,S,I,I,I,S,S,S,S,S,S,S,S,S,S,I,S,I,I,S
0.03,I,S,S,S,I,I,S,S,S,S,S,S,S,S,S,S,S,I,S,I,I,S
0.01,I,I,S,S,I,I,S,S,S,S,S,S,S,S,S,S,S,I,S,I,I,S
0.33,I,I,S,S,I,I,S,S,S,S,S,S,S,S,S,S,S,I,I,I,I,S
0.03,I,I,S,S,I,I,I,S,S,S,S,S,S,S,S,S,S,I,I,I,I,S
0.04,I,I,S,S,I,I,I,S,S,S,S,S,S,S,S,S,S,S,I,I,I,S
0.00,I,I,S,S,I,I,I,S,S,S,S,S,S,S,S,S,I,S,I,I,I,S
0.00,I,S,S,S,I,I,I,S,S,S,S,S,S,S,S,S,I,S,I,I,I,S
0.00,I,S,S,S,I,I,I,S,S,S,S,S,S,I,S,S,I,S,I,I,I,S
0.01,I,S,S,S,I,I,I,S,S,S,S,S,S,I,I,S,I,S,I,I,I,S
0.05,I,S,S,S,I,I,I,S,S,S,S,S,S,I,I,S,I,S,I,I,S,S
0.01,I,S,S,S,I,I,I,S,S,S,S,S,S,I,S,S,I,S,I,I,S,S
0.25,I,S,S,S,I,I,I,S,S,S,S,S,I,I,S,S,I,S,I,I,S,S
0.02,I,S,S,S,I,I,I,S,S,S,S,S,I,I,S,S,I,S,S,I,S,S
0.01,I,S,S,S,I,I,I,S,S,S,S,I,I,I,S,S,I,S,S,I,S,S
0.11,I,S,S,S,S,I,I,S,S,S,S,I,I,I,S,S,I,S,S,I,S,S
0.10,I,S,S,S,I,I,I,S,S,S,S,I,I,I,S,S,I,S,S,I,S,S
0.04,I,S,S,S,I,I,I,S,S,S,S,I,I,I,S,S,S,S,S,I,S,S
0.05,I,S,S,S,I,I,I,S,S,S,S,I,I,I,S,S,S,I,S,I,S,S
0.12,I,S,S,S,I,I,I,S,S,S,S,I,S,I,S,S,S,I,S,I,S,S
0.09,I,S,S,S,I,I,I,S,S,S,S,I,S,S,S,S,S,I,S,I,S,S
0.01,S,S,S,S,I,I,I,S,S,S,S,I,S,S,S,S,S,I,S,I,S,S
0.20,S,S,S,S,I,I,I,S,S,S,S,I,S,I,S,S,S,I,S,I,S,S
0.04,S,S,S,S,S,I,I,S,S,S,S,I,S,I,S,S,S,I,S,I,S,S
0.01,S,S,S,S,S,I,I,S,S,S,S,I,S,I,S,S,S,I,I,I,S,S
0.03,S,S,S,S,S,I,I,S,S,S,I,I,S,I,S,S,S,I,I,I,S,S
0.00,S,S,S,S,S,I,I,S,S,S,I,I,S,I,S,S,S,I,S,I,S,S
0.03,S,S,S,S,S,I,I,S,S,S,I,I,S,I,S,S,S,S,S,I,S,S
0.20,S,S,S,S,S,S,I,S,S,S,I,I,S,I,S,S,S,S,S,I,S,S
0.01,S,S,S,S,S,S,I,I,S,S,I,I,S,I,S,S,S,S,S,I,S,S
0.10,S,S,S,S,S,S,I,I,S,S,I,I,S,I,S,S,I,S,S,I,S,S
0.02,S,S,S,S,S,S,I,I,S,S,I,I,S,S,S,S,I,S,S,I,S,S
0.01,S,S,S,S,S,S,I,I,S,S,I,I,S,S,S,S,S,S,S,I,S,S
0.24,S,S,S,S,S,S,I,I,S,S,I,I,S,S,S,S,S,S,S,S,S,S
0.09,S,S,S,S,S,S,I,I,S,S,I,I,S,I,S,S,S,S,S,S,S,S
0.03,S,S,S,S,S,S,I,I,S,S,I,I,S,S,S,S,S,S,S,S,S,S
0.02,S,S,S,S,S,S,I,I,I,S,I,I,S,S,S,S,S,S,S,S,S,S
0.07,S,S,S,S,S,S,S,I,I,S,I,I,S,S,S,S,S,S,S,S,S,S
0.02,S,S,S,S,S,S,S,I,I,S,S,I,S,S,S,S,S,S,S,S,S,S
0.01,S,S,S,S,S,S,S,I,I,S,S,S,S,S,S,S,S,S,S,S,S,S
0.11,S,I,S,S,S,S,S,I,I,S,S,S,S,S,S,S,S,S,S,S,S,S
0.05,S,I,S,S,S,S,S,I,I,S,S,I,S,S,S,S,S,S,S,S,S,S
0.10,S,I,S,S,S,S,S,I,I,S,S,S,S,S,S,S,S,S,S,S,S,S
0.09,S,I,S,S,S,S,S,I,I,S,S,S,S,S,S,S,S,S,S,I,S,S
0.04,S,I,S,S,S,S,S,I,I,S,S,S,S,S,S,S,S,S,S,I,S,I
0.12,S,I,S,S,S,S,S,I,I,S,S,S,S,S,S,S,S,S,S,I,S,S
0.05,S,I,S,S,S,I,S,I,I,S,S,S,S,S,S,S,S,S,S,I,S,S
0.11,S,I,I,S,S,I,S,I,I,S,S,S,S,S,S,S,S,S,S,I,S,S
0.04,S,I,I,S,S,I,S,S,I,S,S,S,S,S,S,S,S,S,S,I,S,S
0.05,S,I,I,S,S,I,S,S,I,S,S,S,S,I,S,S,S,S,S,I,S,S
0.04,S,I,I,S,S,I,S,S,I,S,S,S,I,I,S,S,S,S,S,I,S,S
0.05,S,I,I,S,S,I,S,S,I,S,S,S,I,I,S,S,S,S,S,I,I,S
0.17,S,I,I,S,S,I,S,S,I,S,S,S,I,I,S,S,S,S,S,I,S,S
0.05,S,I,I,S,S,I,S,S,I,S,S,S,I,I,S,S,S,I,S,I,S,S
0.06,S,I,I,S,S,I,S,S,I,I,S,S,I,I,S,S,S,I,S,I,S,S
0.07,S,I,I,S,S,I,S,S,I,I,S,S,S,I,S,S,S,I,S,I,S,S
0.03,S,I,I,S,S,I,S,S,I,S,S,S,S,I,S,S,S,I,S,I,S,S
0.10,S,I,I,S,S,I,S,S,I,S,S,I,S,I,S,S,S,I,S,I,S,S
0.16,S,I,I,S,S,I,S,S,I,S,S,I,S,I,S,S,S,I,I,I,S,S
0.04,S,I,I,S,S,I,S,S,I,I,S,I,S,I,S,S,S,I,I,I,S,S
0.04,I,I,I,S,S,I,S,S,I,I,S,I,S,I,S,S,S,I,I,I,S,S
0.10,I,I,I,I,S,I,S,S,I,I,S,I,S,I,S,S,S,I,I,I,S,S
0.08,I,I,S,I,S,I,S,S,I,I,S,I,S,I,S,S,S,I,I,I,S,S
0.05,I,I,S,I,S,S,S,S,I,I,S,I,S,I,S,S,S,I,I,I,S,S
0.07,I,I,S,I,S,S,S,S,I,I,S,I,S,I,S,S,S,S,I,I,S,S
0.01,I,I,S,I,I,S,S,S,I,I,S,I,S,I,S,S,S,S,I,I,S,S
0.03,I,I,S,I,I,S,S,S,I,I,I,I,S,I,S,S,S,S,I,I,S,S
0.03,I,I,S,I,I,I,S,S,I,I,I,I,S,I,S,S,S,S,I,I,S,S
0.01,I,S,S,I,I,I,S,S,I,I,I,I,S,I,S,S,S,S,I,I,S,S
0.01,I,S,S,I,I,I,S,S,I,I,I,I,S,I,S,S,S,S,I,S,S,S
0.07,I,S,S,I,I,I,I,S,I,I,I,I,S,I,S,S,S,S,I,S,S,S
0.06,I,S,S,I,I,I,S,S,I,I,I,I,S,I,S,S,S,S,I,S,S,S
0.07,I,S,I,I,I,I,S,S,I,I,I,I,S,I,S,S,S,S,I,S,S,S
0.03,I,S,I,I,I,I,S,S,I,I,I,I,S,I,S,S,S,I,I,S,S,S
0.10,I,S,I,S,I,I,S,S,I,I,I,I,S,I,S,S,S,I,I,S,S,S
0.31,I,S,S,S,I,I,S,S,I,I,I,I,S,I,S,S,S,I,I,S,S,S
0.01,I,S,S,S,I,I,S,S,I,I,I,I,S,S,S,S,S,I,I,S,S,S
0.02,I,S,S,S,I,I,S,S,I,I,S,I,S,S,S,S,S,I,I,S,S,S
0.19,I,S,S,I,I,I,S,S,I,I,S,I,S,S,S,S,S,I,I,S,S,S
0.03,I,S,S,I,I,I,S,S,I,I,S,I,S,S,S,S,S,S,I,S,S,S
0.00,I,S,S,I,I,I,S,S,I,S,S,I,S,S,S,S,S,S,I,S,S,S
0.02,I,S,S,I,I,I,S,S,S,S,S,I,S,S,S,S,S,S,I,S,S,S
0.06,S,S,S,I,I,I,S,S,S,S,S,I,S,S,S,S,S,S,I,S,S,S
0.01,S,S,S,I,I,I,S,S,S,S,S,I,S,S,S,S,S,S,S,S,S,S
0.01,S,S,S,I,I,I,S,S,I,S,S,I,S,S,S,S,S,S,S,S,S,S
0.00,S,S,S,I,I,I,S,I,I,S,S,I,S,S,S,S,S,S,S,S,S,S
0.04,I,S,S,I,I,I,S,I,I,S,S,I,S,S,S,S,S,S,S,S,S,S
0.10,I,S,S,I,I,I,S,I,I,S,S,I,S,S,S,S,I,S,S,S,S,S
0.13,I,S,S,I,I,I,S,I,I,S,S,I,S,S,S,S,S,S,S,S,S,S
0.05,I,S,S,I,I,I,S,I,S,S,S,I,S,S,S,S,S,S,S,S,S,S
0.02,I,S,S,S,I,I,S,I,S,S,S,I,S,S,S,S,S,S,S,S,S,S
0.06,I,S,S,S,I,I,S,I,S,S,S,I,S,S,S,S,I,S,S,S,S,S
0.11,I,S,S,S,I,I,S,I,S,S,S,I,S,S,S,S,S,S,S,S,S,S
0.08,S,S,S,S,I,I,S,I,S,S,S,I,S,S,S,S,S,S,S,S,S,S
0.02,S,S,S,S,I,I,S,S,S,S,S,I,S,S,S,S,S,S,S,S,S,S
0.12,S,I,S,S,I,I,S,S,S,S,S,I,S,S,S,S,S,S,S,S,S,S
0.04,S,I,S,S,I,I,S,S,S,S,I,I,S,S,S,S,S,S,S,S,S,S
0.02,I,I,S,S,I,I,S,S,S,S,I,I,S,S,S,S,S,S,S,S,S,S
0.01,I,I,S,I,I,I,S,S,S,S,I,I,S,S,S,S,S,S,S,S,S,S
0.32,I,I,S,I,I,I,S,S,S,I,I,I,S,S,S,S,S,S,S,S,S,S
0.04,I,I,S,I,I,I,S,S,S,I,I,I,S,I,S,S,S,S,S,S,S,S
0.02,I,I,S,I,I,I,S,I,S,I,I,I,S,I,S,S,S,S,S,S,S,S
0.12,I,I,S,I,I,I,S,I,S,I,S,I,S,I,S,S,S,S,S,S,S,S
0.05,I,I,S,I,I,I,S,I,S,S,S,I,S,I,S,S,S,S,S,S,S,S
0.02,I,I,S,I,I,I,S,S,S,S,S,I,S,I,S,S,S,S,S,S,S,S
0.05,S,I,S,I,I,I,S,S,S,S,S,I,S,I,S,S,S,S,S,S,S,S
0.03,S,I,S,I,I,I,S,S,I,S,S,I,S,I,S,S,S,S,S,S,S,S
0.00,S,I,S,I,I,I,S,S,I,S,S,I,S,I,I,S,S,S,S,S,S,S
0.12,S,I,S,I,I,I,S,S,I,S,S,I,S,S,I,S,S,S,S,S,S,S
0.12,S,I,S,I,I,I,S,S,I,S,S,I,S,S,I,S,I,S,S,S,S,S
0.02,S,I,S,I,I,I,S,S,I,S,S,I,S,S,S,S,I,S,S,S,S,S
0.20,S,I,S,I,I,I,S,S,I,S,S,I,S,S,S,I,I,S,S,S,S,S
0.13,S,I,I,I,I,I,S,S,I,S,S,I,S,S,S,I,I,S,S,S,S,S
0.14,S,I,I,I,I,I,S,I,I,S,S,I,S,S,S,I,I,S,S,S,S,S
0.08,S,I,I,I,I,I,S,I,S,S,S,I,S,S,S,I,I,S,S,S,S,S
0.11,S,I,I,I,I,I,S,I,S,S,S,I,S,S,S,I,I,S,I,S,S,S
0.04,S,I,I,I,I,I,S,I,S,S,S,I,S,S,S,I,I,S,I,S,I,S
0.15,S,I,I,I,I,I,S,I,S,S,S,I,S,S,S,I,I,S,I,S,S,S
0.00,S,I,I,I,I,I,S,I,S,S,S,I,S,I,S,I,I,S,I,S,S,S
0.23,S,I,I,I,I,I,S,I,S,S,S,I,S,S,S,I,I,S,I,S,S,S
0.09,S,I,I,S,I,I,S,I,S,S,S,I,S,S,S,I,I,S,I,S,S,S
0.01,S,I,I,S,I,I,S,I,S,I,S,I,S,S,S,I,I,S,I,S,S,S
0.02,S,I,S,S,I,I,S,I,S,I,S,I,S,S,S,I,I,S,I,S,S,S
0.06,S,I,S,S,I,I,S,I,S,I,S,S,S,S,S,I,I,S,I,S,S,S
0.03,S,I,S,S,I,I,S,I,S,I,S,S,I,S,S,I,I,S,I,S,S,S
0.10,S,I,S,S,I,I,I,I,S,I,S,S,I,S,S,I,I,S,I,S,S,S
0.01,S,I,S,S,I,S,I,I,S,I,S,S,I,S,S,I,I,S,I,S,S,S
0.01,S,I,S,S,I,S,I,I,S,I,I,S,I,S,S,I,I,S,I,S,S,S
0.09,S,I,S,S,I,S,I,I,S,I,I,S,I,I,S,I,I,S,I,S,S,S
0.07,S,I,S,S,I,S,I,I,S,I,I,S,S,I,S,I,I,S,I,S,S,S
0.22,S,I,S,S,I,S,I,I,S,I,I,S,S,S,S,I,I,S,I,S,S,S
0.00,S,I,S,S,S,S,I,I,S,I,I,S,S,S,S,I,I,S,I,S,S,S
0.08,S,I,S,S,S,S,I,I,S,I,I,I,S,S,S,I,I,S,I,S,S,S
0.02,S,I,S,S,S,S,I,I,S,I,I,I,S,S,S,I,S,S,I,S,S,S
0.02,S,I,S,S,S,S,I,I,S,I,I,S,S,S,S,I,S,S,I,S,S,S
0.04,S,I,S,S,S,S,I,I,S,I,I,S,S,S,S,I,S,S,I,S,S,I
0.11,S,I,S,S,S,S,I,I,S,I,I,S,S,S,S,I,S,S,I,S,S,S
0.05,S,I,S,S,S,S,I,I,S,I,I,S,S,S,S,I,S,S,I,S,S,I
0.01,I,I,S,S,S,S,I,I,S,I,I,S,S,S,S,I,S,S,I,S,S,I
0.07,I,I,S,S,S,S,I,I,S,I,I,S,S,S,S,I,S,S,S,S,S,I
0.02,I,I,S,S,S,S,I,S,S,I,I,S,S,S,S,I,S,S,S,S,S,I
0.01,I,I,S,S,S,S,I,S,S,I,I,S,S,S,S,I,S,S,S,S,S,S
0.03,S,I,S,S,S,S,I,S,S,I,I,S,S,S,S,I,S,S,S,S,S,S
0.28,S,S,S,S,S,S,I,S,S,I,I,S,S,S,S,I,S,S,S,S,S,S
0.10,S,S,S,S,S,S,I,S,S,I,I,S,S,I,S,I,S,S,S,S,S,S
0.09,S,S,S,S,S,S,I,S,S,S,I,S,S,I,S,I,S,S,S,S,S,S
0.09,S,S,S,S,S,I,I,S,S,S,I,S,S,I,S,I,S,S,S,S,S,S
0.01,I,S,S,S,S,I,I,S,S,S,I,S,S,I,S,I,S,S,S,S,S,S
0.04,I,S,S,S,S,I,I,S,S,S,I,S,S,I,S,S,S,S,S,S,S,S
0.01,I,S,S,S,S,I,S,S,S,S,I,S,S,I,S,S,S,S,S,S,S,S
0.15,I,S,S,S,S,I,S,S,S,S,I,S,S,I,S,S,S,I,S,S,S,S
0.13,I,S,S,S,S,I,S,S,S,S,I,I,S,I,S,S,S,I,S,S,S,S
0.16,I,S,S,S,S,I,S,S,S,S,I,I,S,I,S,S,S,I,S,S,I,S
0.25,I,S,S,S,S,I,S,S,S,S,I,I,S,I,S,S,S,I,S,S,S,S
0.00,I,I,S,S,S,I,S,S,S,S,I,I,S,I,S,S,S,I,S,S,S,S
0.12,I,I,S,S,S,I,I,S,S,S,I,I,S,I,S,S,S,I,S,S,S,S
0.01,I,I,S,S,S,I,I,S,S,S,I,I,S,I,S,S,S,I,S,I,S,S
0.00,S,I,S,S,S,I,I,S,S,S,I,I,S,I,S,S,S,I,S,I,S,S
0.12,S,I,S,S,S,I,I,S,S,S,I,I,S,I,S,S,S,S,S,I,S,S
0.13,S,I,S,S,S,I,I,S,S,S,I,I,I,I,S,S,S,S,S,I,S,S
0.07,S,I,S,S,S,I,I,S,S,S,I,I,S,I,S,S,S,S,S,I,S,S
0.02,S,I,S,S,S,I,I,S,S,S,I,I,S,I,S,S,S,I,S,I,S,S
0.15,S,I,S,S,S,I,I,I,S,S,I,I,S,I,S,S,S,I,S,I,S,S
0.15,S,I,S,S,S,I,I,I,S,S,I,I,S,I,S,S,S,S,S,I,S,S
0.00,S,I,S,S,S,I,I,I,S,S,I,I,S,S,S,S,S,S,S,I,S,S
0.05,S,I,I,S,S,I,I,I,S,S,I,I,S,S,S,S,S,S,S,I,S,S
0.04,S,I,I,S,I,I,I,I,S,S,I,I,S,S,S,S,S,S,S,I,S,S
0.03,S,I,I,S,I,I,I,I,S,S,I,I,S,S,S,S,S,I,S,I,S,S
0.17,S,I,I,S,I,I,I,I,S,S,S,I,S,S,S,S,S,I,S,I,S,S
0.00,S,I,I,S,I,I,I,I,S,S,S,I,S,S,S,S,I,I,S,I,S,S
0.12,S,I,I,S,I,I,I,I,S,S,S,I,S,S,S,S,I,S,S,I,S,S
0.02,S,S,I,S,I,I,I,I,S,S,S,I,S,S,S,S,I,S,S,I,S,S
0.01,S,S,I,S,I,I,I,I,S,I,S,I,S,S,S,S,I,S,S,I,S,S
0.02,S,S,I,I,I,I,I,I,S,I,S,I,S,S,S,S,I,S,S,I,S,S
0.14,S,S,I,S,I,I,I,I,S,I,S,I,S,S,S,S,I,S,S,I,S,S
0.10,S,S,I,S,I,I,I,I,S,I,S,I,S,S,S,S,I,S,I,I,S,S
0.07,S,S,I,S,S,I,I,I,S,I,S,I,S,S,S,S,I,S,I,I,S,S
0.00,S,S,S,S,S,I,I,I,S,I,S,I,S,S,S,S,I,S,I,I,S,S
0.02,S,S,S,S,S,I,I,I,S,I,S,I,S,S,S,S,I,I,I,I,S,S
0.01,S,S,S,S,S,I,I,I,S,I,S,I,S,S,S,S,I,I,S,I,S,S
0.03,S,S,S,S,S,S,I,I,S,I,S,I,S,S,S,S,I,I,S,I,S,S
0.17,S,S,S,S,S,S,I,I,S,I,S,I,S,S,S,S,I,I,S,S,S,S
0.00,S,S,S,S,S,S,I,I,S,I,S,I,S,S,S,S,I,I,S,S,S,I
0.11,S,S,S,S,S,S,I,I,S,I,S,I,S,S,I,S,I,I,S,S,S,I
0.02,S,S,S,S,S,S,I,I,S,I,S,I,S,I,I,S,I,I,S,S,S,I
0.04,S,S,S,S,S,S,I,I,S,I,I,I,S,I,I,S,I,I,S,S,S,I
0.01,S,S,S,S,S,S,I,I,S,I,I,I,S,I,I,S,I,I,I,S,S,I
0.08,S,S,S,S,S,S,I,I,S,I,I,I,S,I,I,S,I,I,I,S,I,I
0.06,S,S,S,S,S,S,I,I,S,I,I,I,S,I,I,S,I,I,S,S,I,I
0.05,S,S,S,S,S,S,I,I,S,S,I,I,S,I,I,S,I,I,S,S,I,I
0.05,S,S,S,S,S,S,I,I,S,S,I,I,S,I,S,S,I,I,S,S,I,I
0.10,S,S,S,S,S,S,I,I,S,S,I,I,S,I,I,S,I,I,S,S,I,I
0.02,S,S,S,S,S,S,I,I,S,S,I,I,S,S,I,S,I,I,S,S,I,I
0.03,S,S,S,S,S,S,I,I,S,S,I,I,S,S,I,S,I,I,S,S,I,S
0.00,S,S,S,S,S,S,S,I,S,S,I,I,S,S,I,S,I,I,S,S,I,S
0.07,S,S,S,S,S,S,S,I,S,S,I,I,S,S,I,S,S,I,S,S,I,S
0.03,S,S,S,S,S,S,I,I,S,S,I,I,S,S,I,S,S,I,S,S,I,S
0.02,S,S,S,S,S,S,I,I,S,S,I,I,S,I,I,S,S,I,S,S,I,S
0.07,S,S,S,S,S,S,I,I,S,S,I,I,S,I,I,S,S,S,S,S,I,S
0.05,S,S,S,S,S,S,S,I,S,S,I,I,S,I,I,S,S,S,S,S,I,S
0.26,S,S,S,S,S,S,S,I,S,S,I,I,S,I,I,S,I,S,S,S,I,S
0.04,S,S,S,S,S,S,S,I,S,S,I,I,S,I,S,S,I,S,S,S,I,S
0.18,S,S,S,S,S,S,S,I,S,S,I,I,S,I,S,S,S,S,S,S,I,S
0.05,I,S,S,S,S,S,S,I,S,S,I,I,S,I,S,S,S,S,S,S,I,S
0.00,I,S,S,I,S,S,S,I,S,S,I,I,S,I,S,S,S,S,S,S,I,S
0.03,I,S,S,I,S,S,S,S,S,S,I,I,S,I,S,S,S,S,S,S,I,S
0.00,I,S,S,I,S,S,S,S,S,S,I,I,S,I,S,I,S,S,S,S,I,S
0.19,I,S,S,I,S,S,S,S,S,I,I,I,S,I,S,I,S,S,S,S,I,S
0.05,I,S,S,I,S,S,S,S,S,S,I,I,S,I,S,I,S,S,S,S,I,S
0.19,I,I,S,I,S,S,S,S,S,S,I,I,S,I,S,I,S,S,S,S,I,S
0.02,I,I,S,I,S,S,S,S,S,S,I,I,S,I,S,S,S,S,S,S,I,S
0.00,I,I,S,I,S,S,S,S,S,I,I,I,S,I,S,S,S,S,S,S,I,S
0.03,I,I,S,I,S,S,S,S,S,I,I,S,S,I,S,S,S,S,S,S,I,S
0.03,I,S,S,I,S,S,S,S,S,I,I,S,S,I,S,S,S,S,S,S,I,S
0.02,I,I,S,I,S,S,S,S,S,I,I,S,S,I,S,S,S,S,S,S,I,S
0.04,I,I,S,I,S,S,S,S,S,I,I,S,S,I,S,S,S,S,S,S,S,S
0.01,I,I,S,I,S,S,S,S,S,I,I,S,I,I,S,S,S,S,S,S,S,S
0.06,I,I,S,I,S,S,S,S,S,I,S,S,I,I,S,S,S,S,S,S,S,S
0.12,I,I,S,S,S,S,S,S,S,I,S,S,I,I,S,S,S,S,S,S,S,S
0.01,I,I,S,S,S,I,S,S,S,I,S,S,I,I,S,S,S,S,S,S,S,S
0.17,S,I,S,S,S,I,S,S,S,I,S,S,I,I,S,S,S,S,S,S,S,S
0.10,S,I,S,S,S,I,S,S,S,I,S,S,I,I,S,S,S,S,S,S,I,S
0.20,S,I,I,S,S,I,S,S,S,I,S,S,I,I,S,S,S,S,S,S,I,S
0.24,S,I,I,S,S,I,S,S,S,I,S,S,I,I,S,S,S,S,S,S,I,I
0.01,S,I,I,S,S,I,S,S,S,I,S,S,I,I,S,S,S,S,S,S,I,S
0.04,S,I,I,S,S,I,S,S,S,I,S,S,I,S,S,S,S,S,S,S,I,S
0.02,S,I,I,S,S,S,S,S,S,I,S,S,I,S,S,S,S,S,S,S,I,S
0.00,S,I,I,S,S,S,S,I,S,I,S,S,I,S,S,S,S,S,S,S,I,S
0.19,S,I,S,S,S,S,S,I,S,I,S,S,I,S,S,S,S,S,S,S,I,S
0.17,S,I,S,S,S,S,S,I,S,S,S,S,I,S,S,S,S,S,S,S,I,S
0.01,S,I,S,I,S,S,S,I,S,S,S,S,I,S,S,S,S,S,S,S,I,S
0.04,S,I,S,I,S,S,I,I,S,S,S,S,I,S,S,S,S,S,S,S,I,S
0.07,S,I,S,I,S,S,I,I,S,S,S,S,S,S,S,S,S,S,S,S,I,S
0.17,S,I,S,I,S,S,I,I,S,S,S,S,S,S,S,I,S,S,S,S,I,S
0.09,S,I,S,I,I,S,I,I,S,S,S,S,S,S,S,I,S,S,S,S,I,S
0.06,S,I,S,I,I,S,S,I,S,S,S,S,S,S,S,I,S,S,S,S,I,S
0.06,S,I,S,I,I,S,S,I,S,S,S,I,S,S,S,I,S,S,S,S,I,S
0.02,S,I,S,I,I,S,S,I,S,S,S,I,S,S,S,I,S,I,S,S,I,S
0.37,S,I,S,S,I,S,S,I,S,S,S,I,S,S,S,I,S,I,S,S,I,S
0.03,S,I,S,S,I,S,S,S,S,S,S,I,S,S,S,I,S,I,S,S,I,S
0.04,S,I,S,S,I,S,I,S,S,S,S,I,S,S,S,I,S,I,S,S,I,S
0.01,S,I,S,S,I,S,S,S,S,S,S,I,S,S,S,I,S,I,S,S,I,S
0.06,S,I,S,S,I,S,S,S,S,I,S,I,S,S,S,I,S,I,S,S,I,S
0.13,S,I,I,S,I,S,S,S,S,I,S,I,S,S,S,I,S,I,S,S,I,S
0.21,S,S,I,S,I,S,S,S,S,I,S,I,S,S,S,I,S,I,S,S,I,S
0.03,S,S,I,S,I,S,S,S,S,I,S,I,S,S,S,I,S,I,S,S,I,I
0.03,S,S,I,S,I,S,S,S,S,I,S,I,S,S,S,I,S,I,S,S,I,S
0.07,S,S,I,S,I,S,S,S,S,I,S,I,S,S,S,I,I,I,S,S,I,S
0.05,S,S,S,S,I,S,S,S,S,I,S,I,S,S,S,I,I,I,S,S,I,S
0.10,S,S,S,S,I,S,S,S,S,I,S,I,S,S,S,I,S,I,S,S,I,S
0.09,S,S,S,S,I,S,S,S,S,I,S,I,S,S,I,I,S,I,S,S,I,S
0.10,S,S,S,S,I,S,S,S,S,I,S,I,S,S,I,I,S,I,S,S,S,S
0.01,S,S,S,S,I,S,S,S,S,I,S,I,S,S,I,I,S,S,S,S,S,S
0.24,S,S,S,S,I,I,S,S,S,I,S,I,S,S,I,I,S,S,S,S,S,S
0.18,S,S,S,S,I,I,S,S,S,I,S,I,S,S,I,I,S,S,S,S,I,S
0.10,S,S,S,S,I,I,S,S,S,I,S,I,S,S,I,I,S,S,S,S,S,S
0.07,S,S,S,S,I,I,S,S,S,I,S,I,S,S,S,I,S,S,S,S,S,S
0.01,S,S,S,S,I,I,S,S,S,I,S,I,I,S,S,I,S,S,S,S,S,S
0.07,S,S,S,S,I,I,S,S,S,I,S,I,I,S,S,I,S,I,S,S,S,S
0.14,S,S,S,S,I,I,S,S,S,I,S,I,I,S,S,I,S,I,S,S,S,I
0.12,S,S,S,S,I,I,S,S,S,I,I,I,I,S,S,I,S,I,S,S,S,I
0.05,S,S,S,S,I,I,S,S,S,I,I,I,I,S,S,I,S,I,S,S,S,S
0.09,S,S,S,S,I,I,S,S,S,I,I,I,S,S,S,I,S,I,S,S,S,S
0.09,S,S,S,S,S,I,S,S,S,I,I,I,S,S,S,I,S,I,S,S,S,S
0.06,S,S,S,S,S,I,S,S,S,I,I,S,S,S,S,I,S,I,S,S,S,S
0.01,S,S,S,S,S,I,I,S,S,I,I,S,S,S,S,I,S,I,S,S,S,S
0.09,S,S,S,S,S,I,I,S,S,I,S,S,S,S,S,I,S,I,S,S,S,S
0.12,S,S,S,S,S,I,I,S,S,I,S,S,S,S,S,I,S,I,S,S,I,S
0.04,S,S,S,S,S,S,I,S,S,I,S,S,S,S,S,I,S,I,S,S,I,S
0.33,S,S,S,S,S,S,I,S,S,I,I,S,S,S,S,I,S,I,S,S,I,S
0.05,S,S,S,I,S,S,I,S,S,I,I,S,S,S,S,I,S,I,S,S,I,S
0.03,S,S,S,I,S,S,I,S,S,S,I,S,S,S,S,I,S,I,S,S,I,S
0.02,S,S,S,I,S,I,I,S,S,S,I,S,S,S,S,I,S,I,S,S,I,S
0.00,S,S,S,I,S,I,I,S,S,S,I,S,S,S,I,I,S,I,S,S,I,S
0.04,S,S,S,I,S,I,I,S,S,S,I,S,S,S,I,I,S,I,S,S,I,I
0.10,S,S,S,I,S,S,I,S,S,S,I,S,S,S,I,I,S,I,S,S,I,I
0.09,S,S,S,I,S,S,I,S,S,S,I,S,S,S,I,I,S,I,S,S,S,I
0.15,S,S,I,I,S,S,I,S,S,S,I,S,S,S,I,I,S,I,S,S,S,I
0.13,S,S,I,I,S,S,I,S,S,S,I,S,S,S,I,I,S,I,S,S,I,I
0.13,S,S,I,I,S,S,I,S,S,I,I,S,S,S,I,I,S,I,S,S,I,I
0.10,S,S,S,I,S,S,I,S,S,I,I,S,S,S,I,I,S,I,S,S,I,I
0.06,S,S,S,I,S,S,I,S,S,I,I,S,S,S,I,S,S,I,S,S,I,I
0.05,S,S,S,I,S,S,I,S,S,S,I,S,S,S,I,S,S,I,S,S,I,I
0.04,S,S,S,I,S,S,I,S,S,S,I,S,S,S,I,S,S,S,S,S,I,I
0.08,S,S,S,I,S,S,I,S,S,S,I,S,I,S,I,S,S,S,S,S,I,I
0.03,S,I,S,I,S,S,I,S,S,S,I,S,I,S,I,S,S,S,S,S,I,I
0.06,S,S,S,I,S,S,I,S,S,S,I,S,I,S,I,S,S,S,S,S,I,I
0.04,S,S,S,S,S,S,I,S,S,S,I,S,I,S,I,S,S,S,S,S,I,I
0.03,S,S,S,S,S,S,I,S,S,S,I,I,I,S,I,S,S,S,S,S,I,I
0.03,S,S,S,S,S,S,S,S,S,S,I,I,I,S,I,S,S,S,S,S,I,I
0.00,S,S,S,S,S,S,S,S,S,S,I,I,I,S,S,S,S,S,S,S,I,I
0.04,S,S,S,S,S,S,S,S,S,S,I,I,I,S,S,S,S,S,S,S,I,S
0.10,I,S,S,S,S,S,S,S,S,S,I,I,I,S,S,S,S,S,S,S,I,S
0.01,I,S,S,S,S,S,S,S,S,S,S,I,I,S,S,S,S,S,S,S,I,S
0.09,I,S,S,S,S,S,S,S,S,S,S,I,I,S,S,S,S,S,I,S,I,S
0.10,I,S,S,S,S,S,S,S,S,S,I,I,I,S,S,S,S,S,I,S,I,S
0.02,S,S,S,S,S,S,S,S,S,S,I,I,I,S,S,S,S,S,I,S,I,S
0.14,S,S,S,S,S,S,I,S,S,S,I,I,I,S,S,S,S,S,I,S,I,S
0.00,S,S,S,S,S,S,I,S,S,S,I,I,I,S,S,S,S,I,I,S,I,S
0.13,S,S,S,S,S,S,I,S,S,S,I,I,I,S,S,S,S,S,I,S,I,S
0.01,I,S,S,S,S,S,I,S,S,S,I,I,I,S,S,S,S,S,I,S,I,S
0.13,I,S,S,S,S,S,I,S,S,S,I,I,I,S,S,S,S,I,I,S,I,S
0.00,I,S,S,S,S,S,I,S,I,S,I,I,I,S,S,S,S,I,I,S,I,S
0.16,I,S,S,S,S,S,I,S,I,S,S,I,I,S,S,S,S,I,I,S,I,S
0.17,I,S,S,S,S,S,I,I,I,S,S,I,I,S,S,S,S,I,I,S,I,S
0.01,I,S,S,S,S,I,I,I,I,S,S,I,I,S,S,S,S,I,I,S,I,S
0.02,I,S,S,S,S,I,I,I,I,S,S,I,S,S,S,S,S,I,I,S,I,S
0.03,I,S,S,S,S,I,I,I,I,S,S,I,S,S,S,I,S,I,I,S,I,S
0.02,I,S,S,S,S,I,I,I,I,S,S,I,S,S,S,I,S,I,I,I,I,S
0.00,I,S,S,S,S,I,I,I,I,S,S,I,S,S,S,S,S,I,I,I,I,S
0.01,I,S,S,I,S,I,I,I,I,S,S,I,S,S,S,S,S,I,I,I,I,S
0.05,I,S,S,I,S,I,I,I,I,S,S,I,S,I,S,S,S,I,I,I,I,S
0.04,I,S,S,I,S,S,I,I,I,S,S,I,S,I,S,S,S,I,I,I,I,S
0.02,I,I,S,I,S,S,I,I,I,S,S,I,S,I,S,S,S,I,I,I,I,S
0.00,I,I,S,I,S,S,I,I,I,S,S,I,S,I,S,S,S,I,I,S,I,S
0.06,I,I,S,I,S,S,S,I,I,S,S,I,S,I,S,S,S,I,I,S,I,S
0.03,I,I,S,S,S,S,S,I,I,S,S,I,S,I,S,S,S,I,I,S,I,S
0.00,I,I,S,S,S,S,S,I,I,S,S,I,S,I,S,S,S,I,I,S,S,S
0.02,I,I,S,S,S,S,S,I,I,I,S,I,S,I,S,S,S,I,I,S,S,S
0.02,I,I,S,S,S,S,S,I,I,I,S,I,S,I,I,S,S,I,I,S,S,S
0.00,S,I,S,S,S,S,S,I,I,I,S,I,S,I,I,S,S,I,I,S,S,S
0.07,I,I,S,S,S,S,S,I,I,I,S,I,S,I,I,S,S,I,I,S,S,S
0.13,I,I,S,S,S,S,S,I,I,I,S,I,S,I,S,S,S,I,I,S,S,S
0.03,I,I,S,S,S,S,S,I,I,I,S,I,S,I,S,S,S,S,I,S,S,S
0.04,I,S,S,S,S,S,S,I,I,I,S,I,S,I,S,S,S,S,I,S,S,S
0.19,I,S,S,S,S,I,S,I,I,I,S,I,S,I,S,S,S,S,I,S,S,S
0.08,I,S,S,S,S,I,S,I,I,I,S,I,S,I,S,I,S,S,I,S,S,S
0.08,S,S,S,S,S,I,S,I,I,I,S,I,S,I,S,I,S,S,I,S,S,S
0.09,S,S,S,S,S,I,S,I,I,I,S,I,S,S,S,I,S,S,I,S,S,S
0.06,I,S,S,S,S,I,S,I,I,I,S,I,S,S,S,I,S,S,I,S,S,S
0.01,I,S,S,S,S,I,S,I,I,I,S,I,S,S,S,I,S,S,S,S,S,S
0.02,I,S,S,S,S,I,S,I,I,S,S,I,S,S,S,I,S,S,S,S,S,S
0.00,I,S,S,S,S,I,S,I,S,S,S,I,S,S,S,I,S,S,S,S,S,S
0.04,I,S,S,S,S,I,S,S,S,S,S,I,S,S,S,I,S,S,S,S,S,S
0.04,I,S,S,S,S,I,S,S,S,S,S,S,S,S,S,I,S,S,S,S,S,S
0.12,I,S,S,S,S,I,S,S,S,S,S,S,S,S,I,I,S,S,S,S,S,S
0.04,I,S,S,S,S,I,S,S,S,S,S,S,I,S,I,I,S,S,S,S,S,S
0.01,I,S,S,S,S,I,S,S,S,S,S,S,I,S,I,I,S,S,S,I,S,S
0.10,I,S,S,S,S,I,S,S,S,S,S,S,S,S,I,I,S,S,S,I,S,S
0.15,I,S,S,S,S,I,S,S,S,S,I,S,S,S,I,I,S,S,S,I,S,S
0.07,S,S,S,S,S,I,S,S,S,S,I,S,S,S,I,I,S,S,S,I,S,S
0.04,S,S,S,S,S,I,S,S,S,S,I,S,S,S,I,S,S,S,S,I,S,S
0.02,S,S,S,S,S,I,S,S,S,S,I,I,S,S,I,S,S,S,S,I,S,S
0.05,S,S,S,S,S,I,S,S,S,S,I,I,S,I,I,S,S,S,S,I,S,S
0.02,S,S,S,S,S,S,S,S,S,S,I,I,S,I,I,S,S,S,S,I,S,S
0.04,S,S,S,S,S,S,S,S,S,I,I,I,S,I,I,S,S,S,S,I,S,S
0.11,I,S,S,S,S,S,S,S,S,I,I,I,S,I,I,S,S,S,S,I,S,S
0.29,I,S,S,S,S,S,S,S,S,I,I,I,S,I,I,S,S,S,S,S,S,S
0.02,I,S,S,S,S,S,S,S,S,I,I,I,S,I,I,S,S,S,S,I,S,S
0.09,I,S,S,S,S,S,S,S,S,I,S,I,S,I,I,S,S,S,S,I,S,S
0.07,I,S,S,S,S,S,S,I,S,I,S,I,S,I,I,S,S,S,S,I,S,S
0.01,I,S,S,S,S,S,S,I,S,I,S,I,S,S,I,S,S,S,S,I,S,S
0.03,I,S,I,S,S,S,S,I,S,I,S,I,S,S,I,S,S,S,S,I,S,S
0.01,I,S,I,S,S,S,S,I,S,I,S,I,S,S,I,I,S,S,S,I,S,S
0.03,I,S,I,S,S,S,S,I,S,I,S,S,S,S,I,I,S,S,S,I,S,S
0.07,I,S,I,S,S,S,S,I,S,I,S,S,S,I,I,I,S,S,S,I,S,S
0.09,I,S,I,S,S,S,S,I,S,I,S,S,S,I,I,I,S,S,S,S,S,S
0.07,I,S,I,S,S,I,S,I,S,I,S,S,S,I,I,I,S,S,S,S,S,S
0.04,I,S,S,S,S,I,S,I,S,I,S,S,S,I,I,I,S,S,S,S,S,S
0.19,I,S,S,S,S,I,S,I,S,I,I,S,S,I,I,I,S,S,S,S,S,S
0.11,I,S,S,S,S,I,S,I,S,I,I,S,S,I,I,I,S,S,S,S,I,S
0.01,I,S,S,S,S,I,S,I,S,I,S,S,S,I,I,I,S,S,S,S,I,S
0.04,I,S,S,S,S,I,S,I,S,I,I,S,S,I,I,I,S,S,S,S,I,S
0.05,I,S,S,S,S,I,S,S,S,I,I,S,S,I,I,I,S,S,S,S,I,S
0.01,I,S,S,S,S,I,S,S,S,I,I,S,S,S,I,I,S,S,S,S,I,S
0.04,I,S,S,S,S,I,S,S,S,I,I,S,S,S,I,S,S,S,S,S,I,S
0.06,I,S,S,S,I,I,S,S,S,I,I,S,S,S,I,S,S,S,S,S,I,S
0.01,I,S,I,S,I,I,S,S,S,I,I,S,S,S,I,S,S,S,S,S,I,S
0.12,I,S,I,S,I,I,S,S,S,I,S,S,S,S,I,S,S,S,S,S,I,S
0.07,I,S,I,S,I,I,S,S,S,S,S,S,S,S,I,S,S,S,S,S,I,S
0.03,I,S,I,S,I,I,S,S,S,S,S,S,S,S,I,S,S,S,I,S,I,S
0.11,S,S,I,S,I,I,S,S,S,S,S,S,S,S,I,S,S,S,I,S,I,S
0.05,S,S,I,S,I,I,S,S,S,S,S,S,S,S,S,S,S,S,I,S,I,S
0.03,S,S,I,S,I,I,S,S,S,S,S,S,S,I,S,S,S,S,I,S,I,S
0.09,S,S,I,S,I,I,S,S,S,S,S,S,S,I,S,I,S,S,I,S,I,S
0.01,S,S,I,S,I,I,S,S,S,S,S,S,I,I,S,I,S,S,I,S,I,S
0.06,S,S,I,S,I,I,S,S,S,S,S,S,S,I,S,I,S,S,I,S,I,S
0.17,S,S,I,S,I,S,S,S,S,S,S,S,S,I,S,I,S,S,I,S,I,S
0.04,S,S,I,S,I,S,S,S,S,S,S,S,S,I,S,I,S,S,I,S,S,S
0.04,S,S,I,S,I,S,S,S,S,S,I,S,S,I,S,I,S,S,I,S,S,S
0.09,S,S,S,S,I,S,S,S,S,S,I,S,S,I,S,I,S,S,I,S,S,S
0.00,S,S,S,S,I,S,I,S,S,S,I,S,S,I,S,I,S,S,I,S,S,S
0.02,S,S,S,S,I,S,I,S,S,S,I,S,I,I,S,I,S,S,I,S,S,S
0.03,S,S,S,S,I,S,I,S,S,S,I,I,I,I,S,I,S,S,I,S,S,S
0.01,S,S,S,S,I,S,I,S,S,S,I,I,I,I,S,I,S,S,S,S,S,S
0.06,S,S,S,S,I,S,I,S,S,S,I,I,S,I,S,I,S,S,S,S,S,S
0.28,I,S,S,S,I,S,I,S,S,S,I,I,S,I,S,I,S,S,S,S,S,S
0.06,I,S,S,S,I,S,I,S,S,S,I,I,S,S,S,I,S,S,S,S,S,S
0.02,I,S,S,S,I,S,S,S,S,S,I,I,S,S,S,I,S,S,S,S,S,S
0.03,I,S,S,S,I,I,S,S,S,S,I,I,S,S,S,I,S,S,S,S,S,S
0.09,I,S,S,S,I,I,S,S,S,S,I,I,S,S,S,S,S,S,S,S,S,S
0.25,I,S,S,S,I,I,S,S,S,S,I,I,I,S,S,S,S,S,S,S,S,S
0.00,I,S,S,S,I,I,I,S,S,S,I,I,I,S,S,S,S,S,S,S,S,S
0.01,I,S,S,S,I,I,I,S,S,S,I,I,I,S,S,S,S,I,S,S,S,S
0.06,I,S,S,S,I,I,S,S,S,S,I,I,I,S,S,S,S,I,S,S,S,S
0.29,I,S,S,S,I,S,S,S,S,S,I,I,I,S,S,S,S,I,S,S,S,S
0.13,I,S,S,S,I,S,S,S,S,S,S,I,I,S,S,S,S,I,S,S,S,S
0.07,I,S,S,S,I,S,S,S,S,S,S,I,I,S,S,I,S,I,S,S,S,S
0.01,I,S,S,S,I,S,S,S,S,S,S,S,I,S,S,I,S,I,S,S,S,S
0.03,I,S,S,S,I,S,S,S,S,S,S,S,I,S,S,I,S,I,S,I,S,S
0.00,I,S,S,S,I,S,S,S,S,S,S,S,I,I,S,I,S,I,S,I,S,S
0.09,I,S,S,I,I,S,S,S,S,S,S,S,I,I,S,I,S,I,S,I,S,S
0.06,I,S,S,I,I,S,S,I,S,S,S,S,I,I,S,I,S,I,S,I,S,S
0.40,I,S,S,I,I,S,S,I,S,S,S,S,I,I,S,I,S,I,S,I,S,I
0.02,I,S,S,I,I,S,S,S,S,S,S,S,I,I,S,I,S,I,S,I,S,I
0.09,S,S,S,I,I,S,S,S,S,S,S,S,I,I,S,I,S,I,S,I,S,I
0.03,S,S,S,I,I,S,S,S,S,S,S,S,I,I,S,S,S,I,S,I,S,I
0.03,S,S,S,I,I,S,S,S,S,I,S,S,I,I,S,S,S,I,S,I,S,I
0.05,S,S,S,I,I,S,S,S,S,I,S,S,I,I,S,S,S,I,S,S,S,I
0.21,I,S,S,I,I,S,S,S,S,I,S,S,I,I,S,S,S,I,S,S,S,I
0.04,I,S,S,I,I,S,S,S,S,I,S,S,I,I,S,S,I,I,S,S,S,I
0.00,I,S,S,I,I,S,S,S,I,I,S,S,I,I,S,S,I,I,S,S,S,I
0.02,I,S,S,S,I,S,S,S,I,I,S,S,I,I,S,S,I,I,S,S,S,I
0.27,I,S,S,S,I,S,S,S,S,I,S,S,I,I,S,S,I,I,S,S,S,I
0.31,I,S,S,S,I,S,I,S,S,I,S,S,I,I,S,S,I,I,S,S,S,I
0.08,I,S,S,S,I,S,I,S,S,I,S,S,I,I,S,S,I,I,I,S,S,I
0.03,S,S,S,S,I,S,I,S,S,I,S,S,I,I,S,S,I,I,I,S,S,I
0.11,S,S,S,S,S,S,I,S,S,I,S,S,I,I,S,S,I,I,I,S,S,I
0.03,S,S,S,S,S,I,I,S,S,I,S,S,I,I,S,S,I,I,I,S,S,I
0.03,S,S,S,S,S,I,I,S,S,I,S,S,I,I,S,S,I,I,I,I,S,I
0.00,S,S,S,S,S,I,I,S,S,I,S,S,I,I,S,S,I,S,I,I,S,I
0.04,S,S,S,S,I,I,I,S,S,I,S,S,I,I,S,S,I,S,I,I,S,I
0.00,S,S,S,S,I,I,S,S,S,I,S,S,I,I,S,S,I,S,I,I,S,I
0.11,S,S,I,S,I,I,S,S,S,I,S,S,I,I,S,S,I,S,I,I,S,I
0.02,S,S,I,S,I,I,S,S,S,I,S,S,I,I,S,S,I,S,S,I,S,I
0.04,S,S,I,S,I,I,S,I,S,I,S,S,I,I,S,S,I,S,S,I,S,I
0.10,S,I,I,S,I,I,S,I,S,I,S,S,I,I,S,S,I,S,S,I,S,I
0.03,S,I,I,S,I,I,S,I,S,I,S,S,I,I,S,S,S,S,S,I,S,I
0.06,S,I,I,S,I,I,S,I,S,I,S,S,I,I,S,I,S,S,S,I,S,I
0.02,S,I,S,S,I,I,S,I,S,I,S,S,I,I,S,I,S,S,S,I,S,I
0.05,S,I,S,S,I,I,S,I,S,I,S,S,I,I,S,S,S,S,S,I,S,I
0.18,S,I,S,I,I,I,S,I,S,I,S,S,I,I,S,S,S,S,S,I,S,I
0.03,I,I,S,I,I,I,S,I,S,I,S,S,I,I,S,S,S,S,S,I,S,I
0.02,I,I,S,I,I,I,S,I,S,I,S,S,I,I,S,S,S,S,S,I,S,S
0.02,I,S,S,I,I,I,S,I,S,I,S,S,I,I,S,S,S,S,S,I,S,S
0.09,I,S,S,I,I,I,S,I,S,I,S,S,I,I,S,S,I,S,S,I,S,S
0.09,I,S,S,I,I,I,S,I,S,I,I,S,I,I,S,S,I,S,S,I,S,S
0.01,I,S,S,I,I,I,S,I,I,I,I,S,I,I,S,S,I,S,S,I,S,S
0.02,I,S,S,I,I,I,S,I,I,I,S,S,I,I,S,S,I,S,S,I,S,S
0.00,I,S,S,I,I,I,S,I,I,I,S,S,I,I,S,S,I,S,I,I,S,S
0.07,I,S,S,I,I,I,S,I,I,I,S,S,I,I,I,S,I,S,I,I,S,S
0.13,I,S,S,I,I,I,S,I,I,I,S,S,S,I,I,S,I,S,I,I,S,S
0.01,I,S,S,I,I,I,S,I,I,I,S,S,S,S,I,S,I,S,I,I,S,S
0.01,I,S,S,I,I,I,I,I,I,I,S,S,S,S,I,S,I,S,I,I,S,S
0.06,S,S,S,I,I,I,I,I,I,I,S,S,S,S,I,S,I,S,I,I,S,S
0.11,S,S,S,I,I,I,S,I,I,I,S,S,S,S,I,S,I,S,I,I,S,S
0.05,S,S,S,S,I,I,S,I,I,I,S,S,S,S,I,S,I,S,I,I,S,S
0.01,S,S,S,S,I,I,S,I,I,I,S,S,S,S,I,S,S,S,I,I,S,S
0.03,S,S,S,S,I,I,S,I,I,I,S,S,I,S,I,S,S,S,I,I,S,S
0.03,S,I,S,S,I,I,S,I,I,I,S,S,I,S,I,S,S,S,I,I,S,S
0.05,S,I,S,S,I,I,S,S,I,I,S,S,I,S,I,S,S,S,I,I,S,S
0.14,S,I,S,S,I,I,S,S,I,S,S,S,I,S,I,S,S,S,I,I,S,S
0.11,S,I,S,S,S,I,S,S,I,S,S,S,I,S,I,S,S,S,I,I,S,S
0.01,S,I,S,S,S,I,S,S,I,S,S,S,I,S,S,S,S,S,I,I,S,S
0.03,S,I,S,S,S,I,S,S,I,S,S,S,I,S,S,S,S,S,I,S,S,S
0.08,S,I,I,S,S,I,S,S,I,S,S,S,I,S,S,S,S,S,I,S,S,S
0.06,S,S,I,S,S,I,S,S,I,S,S,S,I,S,S,S,S,S,I,S,S,S
0.05,S,S,I,S,I,I,S,S,I,S,S,S,I,S,S,S,S,S,I,S,S,S
0.09,S,S,I,S,I,I,S,S,I,S,S,S,I,S,S,S,S,S,I,S,S,I
0.00,S,S,S,S,I,I,S,S,I,S,S,S,I,S,S,S,S,S,I,S,S,I
0.04,I,S,S,S,I,I,S,S,I,S,S,S,I,S,S,S,S,S,I,S,S,I
0.04,I,S,S,S,I,I,S,S,S,S,S,S,I,S,S,S,S,S,I,S,S,I
0.08,I,S,S,S,I,I,S,S,I,S,S,S,I,S,S,S,S,S,I,S,S,I
0.45,I,S,S,S,I,S,S,S,I,S,S,S,I,S,S,S,S,S,I,S,S,I
0.10,I,S,S,S,I,S,S,S,I,S,S,S,I,S,S,S,S,S,I,S,S,S
0.01,I,S,S,S,I,S,S,S,I,S,S,S,I,S,S,S,S,I,I,S,S,S
0.06,I,S,S,S,I,S,S,S,I,S,S,S,I,S,S,S,S,I,I,S,S,I
0.04,S,S,S,S,I,S,S,S,I,S,S,S,I,S,S,S,S,I,I,S,S,I
0.02,S,S,I,S,I,S,S,S,I,S,S,S,I,S,S,S,S,I,I,S,S,I
0.15,S,S,I,S,I,S,S,S,I,S,S,S,S,S,S,S,S,I,I,S,S,I
0.02,S,S,I,S,I,S,S,S,I,S,S,S,S,S,S,S,S,I,I,S,I,I
0.26,S,S,I,S,I,S,S,S,S,S,S,S,S,S,S,S,S,I,I,S,I,I
0.16,S,S,I,S,I,S,S,S,S,S,S,S,S,S,S,S,S,I,S,S,I,I
0.04,S,S,I,S,I,S,S,S,S,S,S,S,S,S,S,S,S,I,S,S,I,S
0.14,S,S,I,S,I,S,S,S,S,I,S,S,S,S,S,S,S,I,S,S,I,S
0.02,S,S,I,S,I,S,S,S,S,I,S,S,S,S,S,I,S,I,S,S,I,S
0.00,S,S,I,I,I,S,S,S,S,I,S,S,S,S,S,I,S,I,S,S,I,S
0.04,S,S,I,I,I,S,S,S,S,S,S,S,S,S,S,I,S,I,S,S,I,S
0.05,S,S,I,S,I,S,S,S,S,S,S,S,S,S,S,I,S,I,S,S,I,S
0.00,S,S,I,S,I,S,S,S,S,S,S,S,S,S,S,I,S,S,S,S,I,S
0.01,S,S,S,S,I,S,S,S,S,S,S,S,S,S,S,I,S,S,S,S,I,S
0.05,S,S,S,S,I,S,S,S,S,S,S,I,S,S,S,I,S,S,S,S,I,S
0.16,S,S,S,S,I,S,S,S,S,I,S,I,S,S,S,I,S,S,S,S,I,S
0.15,S,S,S,S,I,S,S,S,S,S,S,I,S,S,S,I,S,S,S,S,I,S
0.04,S,S,S,S,I,S,I,S,S,S,S,I,S,S,S,I,S,S,S,S,I,S
0.28,S,S,S,S,I,S,I,S,S,S,S,I,I,S,S,I,S,S,S,S,I,S
0.03,S,S,S,S,I,S,I,S,S,S,S,I,I,S,S,I,S,I,S,S,I,S
0.02,S,S,S,S,I,S,I,S,S,S,S,I,I,S,S,I,S,I,S,S,S,S
0.03,S,S,S,S,I,S,I,S,S,S,S,S,I,S,S,I,S,I,S,S,S,S
0.05,S,S,S,S,I,S,I,S,S,S,I,S,I,S,S,I,S,I,S,S,S,S
0.02,S,S,I,S,I,S,I,S,S,S,I,S,I,S,S,I,S,I,S,S,S,S
0.04,S,S,I,S,I,S,I,S,S,S,I,S,S,S,S,I,S,I,S,S,S,S
0.00,S,S,S,S,I,S,I,S,S,S,I,S,S,S,S,I,S,I,S,S,S,S
0.30,S,S,S,S,I,S,I,S,I,S,I,S,S,S,S,I,S,I,S,S,S,S
0.07,S,S,S,S,I,I,I,S,I,S,I,S,S,S,S,I,S,I,S,S,S,S
0.02,S,S,S,S,I,I,I,S,I,S,I,S,S,S,S,I,I,I,S,S,S,S
0.05,S,S,S,S,I,S,I,S,I,S,I,S,S,S,S,I,I,I,S,S,S,S
0.05,S,S,S,I,I,S,I,S,I,S,I,S,S,S,S,I,I,I,S,S,S,S
0.08,S,S,S,I,I,S,I,S,I,S,I,S,S,S,S,I,I,S,S,S,S,S
0.02,S,S,S,I,I,S,I,S,I,S,I,S,S,S,S,I,S,S,S,S,S,S
0.03,S,S,S,I,I,I,I,S,I,S,I,S,S,S,S,I,S,S,S,S,S,S
0.06,S,I,S,I,I,I,I,S,I,S,I,S,S,S,S,I,S,S,S,S,S,S
0.17,S,I,S,S,I,I,I,S,I,S,I,S,S,S,S,I,S,S,S,S,S,S
0.04,S,I,S,S,S,I,I,S,I,S,I,S,S,S,S,I,S,S,S,S,S,S
0.06,S,I,S,I,S,I,I,S,I,S,I,S,S,S,S,I,S,S,S,S,S,S
0.09,S,I,S,I,S,I,I,S,I,S,I,S,S,S,S,S,S,S,S,S,S,S
0.03,S,I,S,S,S,I,I,S,I,S,I,S,S,S,S,S,S,S,S,S,S,S
0.02,S,S,S,S,S,I,I,S,I,S,I,S,S,S,S,S,S,S,S,S,S,S
0.07,S,S,S,S,S,I,I,S,I,S,I,S,S,S,S,S,S,S,S,S,S,I
0.12,S,S,S,S,S,I,I,S,I,S,I,S,S,S,S,I,S,S,S,S,S,I
0.13,S,S,S,S,S,I,I,S,S,S,I,S,S,S,S,I,S,S,S,S,S,I
0.05,S,S,S,S,S,I,I,S,S,S,I,S,S,S,S,I,S,S,S,I,S,I
0.10,S,S,S,S,S,I,I,S,S,S,S,S,S,S,S,I,S,S,S,I,S,I
0.07,S,S,S,S,S,I,I,S,S,S,S,S,S,S,S,I,S,S,I,I,S,I
0.06,S,S,S,S,S,I,I,S,S,S,S,S,I,S,S,I,S,S,I,I,S,I
0.17,S,S,S,S,S,I,I,S,S,S,S,S,I,S,S,I,S,S,S,I,S,I
0.01,S,S,S,S,S,I,I,S,S,S,S,I,I,S,S,I,S,S,S,I,S,I
0.02,S,S,S,S,S,I,I,I,S,S,S,I,I,S,S,I,S,S,S,I,S,I
0.01,S,S,S,S,S,I,I,I,S,S,S,I,I,S,S,I,S,S,S,I,S,S
0.00,S,S,S,S,S,I,I,I,S,S,S,I,I,I,S,I,S,S,S,I,S,S
0.00,S,S,S,S,S,I,I,I,S,S,S,I,S,I,S,I,S,S,S,I,S,S
0.12,S,S,S,S,S,I,I,I,S,S,S,I,S,S,S,I,S,S,S,I,S,S
0.06,S,S,S,S,S,I,I,I,S,S,S,I,S,S,S,I,S,S,I,I,S,S
0.01,S,S,S,S,S,I,I,I,S,S,S,I,S,S,S,S,S,S,I,I,S,S
0.01,S,S,S,S,S,I,I,I,S,S,S,I,I,S,S,S,S,S,I,I,S,S
0.01,S,S,S,S,S,S,I,I,S,S,S,I,I,S,S,S,S,S,I,I,S,S
0.02,S,S,S,S,S,S,I,I,S,S,S,S,I,S,S,S,S,S,I,I,S,S
0.03,S,S,S,S,S,S,I,I,S,S,S,S,I,I,S,S,S,S,I,I,S,S
0.03,S,S,S,S,S,S,I,I,S,S,I,S,I,I,S,S,S,S,I,I,S,S
0.38,S,S,S,S,S,S,I,I,S,S,I,S,S,I,S,S,S,S,I,I,S,S
0.03,S,S,S,S,S,S,I,I,S,S,I,S,S,S,S,S,S,S,I,I,S,S
0.02,S,S,S,S,S,S,I,I,S,S,I,S,S,S,S,S,S,S,I,S,S,S
0.01,S,S,S,S,S,S,I,I,S,S,I,S,I,S,S,S,S,S,I,S,S,S
0.11,S,S,S,S,S,I,I,I,S,S,I,S,I,S,S,S,S,S,I,S,S,S
0.08,S,S,S,S,S,I,I,I,I,S,I,S,I,S,S,S,S,S,I,S,S,S
0.04,S,S,S,S,S,I,I,I,I,S,S,S,I,S,S,S,S,S,I,S,S,S
0.02,S,S,S,S,S,I,I,I,I,S,S,S,I,S,I,S,S,S,I,S,S,S
0.16,S,S,S,S,S,I,I,I,I,S,S,S,I,S,I,S,S,S,S,S,S,S
0.02,I,S,S,S,S,I,I,I,I,S,S,S,I,S,I,S,S,S,S,S,S,S
0.03,I,S,S,S,I,I,I,I,I,S,S,S,I,S,I,S,S,S,S,S,S,S
0.05,I,S,S,S,I,I,S,I,I,S,S,S,I,S,I,S,S,S,S,S,S,S
0.05,I,S,I,S,I,I,S,I,I,S,S,S,I,S,I,S,S,S,S,S,S,S
0.03,I,S,I,I,I,I,S,I,I,S,S,S,I,S,I,S,S,S,S,S,S,S
0.09,I,S,I,I,S,I,S,I,I,S,S,S,I,S,I,S,S,S,S,S,S,S
0.04,S,S,I,I,S,I,S,I,I,S,S,S,I,S,I,S,S,S,S,S,S,S
0.16,S,S,I,I,S,I,S,I,S,S,S,S,I,S,I,S,S,S,S,S,S,S
0.05,S,S,I,I,S,I,S,I,S,S,S,S,I,S,I,S,S,I,S,S,S,S
0.04,S,S,I,I,S,I,S,I,S,S,S,S,I,S,I,S,S,I,S,S,I,S
0.04,S,S,I,S,S,I,S,I,S,S,S,S,I,S,I,S,S,I,S,S,I,S
0.03,S,S,I,S,S,I,S,I,S,S,S,S,S,S,I,S,S,I,S,S,I,S
0.00,S,S,I,S,S,I,S,S,S,S,S,S,S,S,I,S,S,I,S,S,I,S
0.02,S,S,I,S,I,I,S,S,S,S,S,S,S,S,I,S,S,I,S,S,I,S
0.03,S,S,I,S,I,I,S,S,S,S,S,S,S,S,I,S,S,S,S,S,I,S
0.05,I,S,I,S,I,I,S,S,S,S,S,S,S,S,I,S,S,S,S,S,I,S
0.03,I,S,I,I,I,I,S,S,S,S,S,S,S,S,I,S,S,S,S,S,I,S
0.00,I,S,I,I,I,I,S,S,I,S,S,S,S,S,I,S,S,S,S,S,I,S
0.03,I,S,I,I,I,S,S,S,I,S,S,S,S,S,I,S,S,S,S,S,I,S
0.22,I,S,I,I,I,S,S,S,I,S,S,S,S,S,I,S,I,S,S,S,I,S
0.11,I,S,I,I,I,S,S,S,I,S,S,S,S,S,I,S,S,S,S,S,I,S
0.00,I,S,I,I,I,S,S,S,I,S,S,S,S,S,I,S,S,S,I,S,I,S
0.11,I,S,I,I,I,S,S,S,I,S,S,S,S,S,I,S,S,S,I,S,S,S
0.08,I,S,I,I,I,S,S,S,I,S,S,S,S,S,I,I,S,S,I,S,S,S
0.05,S,S,I,I,I,S,S,S,I,S,S,S,S,S,I,I,S,S,I,S,S,S
0.01,S,I,I,I,I,S,S,S,I,S,S,S,S,S,I,I,S,S,I,S,S,S
0.02,S,I,S,I,I,S,S,S,I,S,S,S,S,S,I,I,S,S,I,S,S,S
0.06,S,I,S,I,I,S,S,S,I,S,S,S,S,S,S,I,S,S,I,S,S,S
0.02,S,I,S,I,I,S,S,S,I,S,I,S,S,S,S,I,S,S,I,S,S,S
0.03,S,I,S,I,I,S,S,S,S,S,I,S,S,S,S,I,S,S,I,S,S,S
0.02,S,I,S,S,I,S,S,S,S,S,I,S,S,S,S,I,S,S,I,S,S,S
0.07,S,I,S,S,S,S,S,S,S,S,I,S,S,S,S,I,S,S,I,S,S,S
0.10,S,I,S,S,S,S,I,S,S,S,I,S,S,S,S,I,S,S,I,S,S,S
0.06,S,I,S,S,S,S,I,S,S,S,I,I,S,S,S,I,S,S,I,S,S,S
0.06,S,I,S,S,S,S,I,S,S,S,S,I,S,S,S,I,S,S,I,S,S,S
0.02,S,I,S,S,S,S,I,S,S,I,S,I,S,S,S,I,S,S,I,S,S,S
0.06,S,I,S,S,S,S,I,S,S,I,S,I,S,S,S,I,S,S,S,S,S,S
0.02,S,S,S,S,S,S,I,S,S,I,S,I,S,S,S,I,S,S,S,S,S,S
0.00,S,S,S,S,S,S,I,S,S,I,I,I,S,S,S,I,S,S,S,S,S,S
0.05,S,S,S,S,S,S,I,S,S,I,I,I,S,S,S,I,S,S,I,S,S,S
0.17,S,S,S,S,S,S,I,S,S,I,I,I,S,S,S,I,S,S,S,S,S,S
0.15,S,S,S,S,S,S,I,S,S,I,I,I,S,I,S,I,S,S,S,S,S,S
0.06,S,S,S,S,S,S,I,S,S,I,I,I,S,S,S,I,S,S,S,S,S,S
0.09,S,S,S,S,S,S,I,S,S,I,I,I,S,S,I,I,S,S,S,S,S,S
0.05,S,S,S,S,S,S,I,S,S,I,I,I,I,S,I,I,S,S,S,S,S,S
0.01,S,S,S,S,S,S,I,S,S,I,S,I,I,S,I,I,S,S,S,S,S,S
0.20,S,S,S,S,S,S,I,S,S,I,S,I,I,S,I,S,S,S,S,S,S,S
0.01,S,S,S,S,S,S,S,S,S,I,S,I,I,S,I,S,S,S,S,S,S,S
0.11,S,S,S,S,S,S,S,S,S,I,S,I,I,S,I,S,I,S,S,S,S,S
0.06,S,S,S,S,S,S,S,S,I,I,S,I,I,S,I,S,I,S,S,S,S,S
0.01,I,S,S,S,S,S,S,S,I,I,S,I,I,S,I,S,I,S,S,S,S,S
0.04,I,S,S,S,S,S,S,S,I,I,S,I,I,S,I,S,I,S,I,S,S,S
0.18,I,S,S,S,S,S,S,S,I,I,S,I,I,S,I,S,S,S,I,S,S,S
0.06,I,S,S,S,S,S,S,S,I,S,S,I,I,S,I,S,S,S,I,S,S,S
0.04,I,S,S,S,S,S,S,S,I,S,S,I,S,S,I,S,S,S,I,S,S,S
0.06,I,S,S,S,S,S,S,S,S,S,S,I,S,S,I,S,S,S,I,S,S,S
0.24,I,S,S,S,S,S,S,S,S,S,S,I,S,S,I,S,S,S,I,S,S,I
0.07,I,S,S,I,S,S,S,S,S,S,S,I,S,S,I,S,S,S,I,S,S,I
0.12,I,S,S,I,S,S,S,S,S,S,S,I,S,S,I,S,S,S,S,S,S,I
0.04,I,S,S,I,S,S,S,S,S,I,S,I,S,S,I,S,S,S,S,S,S,I
0.16,I,S,S,I,I,S,S,S,S,I,S,I,S,S,I,S,S,S,S,S,S,I
0.06,I,S,S,I,I,S,S,S,S,I,S,I,S,S,I,I,S,S,S,S,S,I
0.18,S,S,S,I,I,S,S,S,S,I,S,I,S,S,I,I,S,S,S,S,S,I
0.10,S,S,S,I,I,S,S,S,I,I,S,I,S,S,I,I,S,S,S,S,S,I
0.18,S,S,S,I,I,S,S,S,I,I,S,I,S,S,I,I,I,S,S,S,S,I
0.08,S,S,S,I,I,S,S,S,I,I,S,I,S,S,I,I,S,S,S,S,S,I
0.12,S,I,S,I,I,S,S,S,I,I,S,I,S,S,I,I,S,S,S,S,S,I
0.04,S,I,S,S,I,S,S,S,I,I,S,I,S,S,I,I,S,S,S,S,S,I
0.15,S,I,S,S,I,S,S,S,I,I,S,I,S,S,I,I,S,S,I,S,S,I
0.00,S,I,S,S,I,S,I,S,I,I,S,I,S,S,I,I,S,S,I,S,S,I
0.16,S,I,S,S,I,S,I,S,I,I,S,I,S,S,I,I,S,S,I,S,S,S
0.06,S,I,S,S,I,S,I,S,I,I,S,I,S,I,I,I,S,S,I,S,S,S
0.02,S,I,S,S,S,S,I,S,I,I,S,I,S,I,I,I,S,S,I,S,S,S
0.03,S,I,S,S,S,S,I,S,I,I,S,I,S,I,I,I,S,S,I,S,S,I
0.05,S,I,S,I,S,S,I,S,I,I,S,I,S,I,I,I,S,S,I,S,S,I
0.21,S,I,S,I,S,S,I,S,I,I,I,I,S,I,I,I,S,S,I,S,S,I
0.02,S,I,S,I,S,S,I,S,I,I,S,I,S,I,I,I,S,S,I,S,S,I
0.05,S,I,S,I,S,S,I,S,I,S,S,I,S,I,I,I,S,S,I,S,S,I
0.08,S,I,S,I,S,S,I,S,I,I,S,I,S,I,I,I,S,S,I,S,S,I
0.05,S,I,S,I,S,S,I,S,I,I,S,I,S,I,I,I,S,S,S,S,S,I
0.09,S,I,S,I,S,S,I,S,I,I,I,I,S,I,I,I,S,S,S,S,S,I
0.10,S,I,S,I,S,S,I,S,I,I,I,I,I,I,I,I,S,S,S,S,S,I
0.00,S,I,S,I,S,S,I,S,I,I,I,I,I,I,I,S,S,S,S,S,S,I
0.03,S,I,S,I,S,S,I,S,I,I,I,I,I,I,I,S,S,S,S,S,S,S
0.12,S,I,S,S,S,S,I,S,I,I,I,I,I,I,I,S,S,S,S,S,S,S
0.01,S,I,S,S,S,S,S,S,I,I,I,I,I,I,I,S,S,S,S,S,S,S
0.16,S,I,S,S,S,S,S,S,I,I,S,I,I,I,I,S,S,S,S,S,S,S
0.01,S,I,S,S,S,S,S,S,I,I,S,S,I,I,I,S,S,S,S,S,S,S
0.12,S,S,S,S,S,S,S,S,I,I,S,S,I,I,I,S,S,S,S,S,S,S
0.07,S,S,S,S,S,S,S,S,I,I,S,S,S,I,I,S,S,S,S,S,S,S
0.03,S,S,S,S,S,S,S,S,S,I,S,S,S,I,I,S,S,S,S,S,S,S
0.08,S,I,S,S,S,S,S,S,S,I,S,S,S,I,I,S,S,S,S,S,S,S
0.02,S,I,S,S,S,S,S,S,S,I,S,S,S,S,I,S,S,S,S,S,S,S
0.02,S,I,S,S,S,S,S,S,S,I,S,S,S,S,S,S,S,S,S,S,S,S
0.02,S,I,S,S,S,S,S,I,S,I,S,S,S,S,S,S,S,S,S,S,S,S
0.02,S,I,S,S,S,S,S,I,S,I,I,S,S,S,S,S,S,S,S,S,S,S
0.01,S,I,S,S,S,S,S,I,S,I,I,S,S,S,S,I,S,S,S,S,S,S
0.07,S,I,S,S,S,S,S,I,S,I,I,S,S,I,S,I,S,S,S,S,S,S
0.04,S,I,S,S,S,S,S,I,S,I,S,S,S,I,S,I,S,S,S,S,S,S
0.23,S,I,S,S,S,S,S,I,S,I,S,S,S,I,S,I,I,S,S,S,S,S
0.06,S,I,S,S,S,S,S,I,S,I,S,S,S,I,S,I,I,S,I,S,S,S
0.19,S,I,S,S,S,S,S,I,S,I,S,S,S,I,S,I,I,S,I,I,S,S
0.05,S,I,I,S,S,S,S,I,S,I,S,S,S,I,S,I,I,S,I,I,S,S
0.12,S,I,I,S,S,S,S,S,S,I,S,S,S,I,S,I,I,S,I,I,S,S
0.13,S,I,I,S,I,S,S,S,S,I,S,S,S,I,S,I,I,S,I,I,S,S
0.00,S,I,I,S,I,S,S,S,S,I,S,S,S,I,S,I,I,S,S,I,S,S
0.01,S,I,I,S,I,S,S,S,S,S,S,S,S,I,S,I,I,S,S,I,S,S
0.05,S,I,I,S,I,S,S,S,S,S,S,S,S,I,S,I,S,S,S,I,S,S
0.03,S,I,I,S,I,S,S,S,S,S,S,S,S,I,S,I,S,S,S,S,S,S
0.22,S,I,I,S,I,S,S,S,S,S,S,S,S,I,S,I,S,S,S,I,S,S
0.07,S,S,I,S,I,S,S,S,S,S,S,S,S,I,S,I,S,S,S,I,S,S
0.02,S,S,I,S,S,S,S,S,S,S,S,S,S,I,S,I,S,S,S,I,S,S
0.14,S,S,I,S,S,S,S,S,S,S,S,S,S,I,S,I,S,S,I,I,S,S
0.01,S,S,I,S,S,S,S,S,S,S,S,I,S,I,S,I,S,S,I,I,S,S
0.03,S,S,I,S,S,S,S,I,S,S,S,I,S,I,S,I,S,S,I,I,S,S
0.31,S,S,I,I,S,S,S,I,S,S,S,I,S,I,S,I,S,S,I,I,S,S
0.01,S,S,S,I,S,S,S,I,S,S,S,I,S,I,S,I,S,S,I,I,S,S
0.05,S,S,S,I,S,S,S,I,S,S,S,I,I,I,S,I,S,S,I,I,S,S
0.02,S,S,S,I,S,S,I,I,S,S,S,I,I,I,S,I,S,S,I,I,S,S
0.06,S,S,S,I,S,S,I,I,S,S,S,S,I,I,S,I,S,S,I,I,S,S
0.00,S,S,S,S,S,S,I,I,S,S,S,S,I,I,S,I,S,S,I,I,S,S
0.06,S,S,S,S,S,S,I,I,S,S,S,S,I,I,S,S,S,S,I,I,S,S
0.26,S,S,S,S,S,S,I,I,S,S,S,S,I,I,I,S,S,S,I,I,S,S
0.01,S,S,S,S,S,S,I,I,S,S,S,S,I,I,I,S,S,S,S,I,S,S
0.17,S,S,S,S,S,S,I,S,S,S,S,S,I,I,I,S,S,S,S,I,S,S
0.03,S,S,S,S,S,S,S,S,S,S,S,S,I,I,I,S,S,S,S,I,S,S
0.19,S,S,S,S,S,S,S,S,S,S,S,S,I,I,I,S,S,I,S,I,S,S
0.26,S,S,S,S,S,S,S,S,S,S,S,S,I,I,I,S,S,I,I,I,S,S
0.16,S,S,S,S,S,S,S,S,S,S,S,I,I,I,I,S,S,I,I,I,S,S
0.03,S,S,S,S,S,S,S,S,S,S,S,I,I,I,I,S,S,I,I,S,S,S
0.02,S,S,S,S,S,S,S,S,S,S,S,I,I,I,I,S,S,I,S,S,S,S
0.00,S,S,I,S,S,S,S,S,S,S,S,I,I,I,I,S,S,I,S,S,S,S
0.05,S,S,I,I,S,S,S,S,S,S,S,I,I,I,I,S,S,I,S,S,S,S
0.01,S,S,I,S,S,S,S,S,S,S,S,I,I,I,I,S,S,I,S,S,S,S
0.02,S,S,S,S,S,S,S,S,S,S,S,I,I,I,I,S,S,I,S,S,S,S
0.06,S,S,S,S,S,S,S,S,S,S,S,I,S,I,I,S,S,I,S,S,S,S
0.16,S,S,S,S,S,S,I,S,S,S,S,I,S,I,I,S,S,I,S,S,S,S
0.03,S,S,S,S,S,S,I,S,S,S,S,I,I,I,I,S,S,I,S,S,S,S
0.01,S,S,S,S,S,S,I,S,S,S,S,I,I,I,I,S,S,S,S,S,S,S
0.01,S,S,S,S,S,S,I,S,S,S,S,I,I,I,I,S,S,S,S,S,I,S
0.23,S,S,I,S,S,S,I,S,S,S,S,I,I,I,I,S,S,S,S,S,I,S
0.00,S,S,S,S,S,S,I,S,S,S,S,I,I,I,I,S,S,S,S,S,I,S
0.06,S,I,S,S,S,S,I,S,S,S,S,I,I,I,I,S,S,S,S,S,I,S
0.01,S,I,S,S,S,S,I,S,S,S,S,I,S,I,I,S,S,S,S,S,I,S
0.16,S,I,S,S,S,S,S,S,S,S,S,I,S,I,I,S,S,S,S,S,I,S
0.13,S,I,S,S,S,S,S,S,S,S,S,I,S,I,I,S,S,S,S,S,I,I
0.06,S,I,S,S,S,S,S,S,S,S,S,I,I,I,I,S,S,S,S,S,I,I
0.12,S,I,S,S,I,S,S,S,S,S,S,I,I,I,I,S,S,S,S,S,I,I
0.10,S,I,S,S,I,S,S,S,S,S,S,I,I,I,I,S,S,S,S,S,S,I
0.01,S,I,S,S,I,S,S,S,S,S,S,I,I,I,I,I,S,S,S,S,S,I
0.02,S,I,S,S,I,S,S,I,S,S,S,I,I,I,I,I,S,S,S,S,S,I
0.10,S,I,S,S,I,S,S,I,S,S,S,I,I,S,I,I,S,S,S,S,S,I
0.22,S,S,S,S,I,S,S,I,S,S,S,I,I,S,I,I,S,S,S,S,S,I
0.04,S,S,S,S,I,S,S,I,S,S,S,I,I,S,I,I,S,S,S,I,S,I
0.13,S,S,S,S,I,S,S,I,S,S,S,I,I,S,I,I,S,I,S,I,S,I
0.28,S,S,S,S,I,S,S,S,S,S,S,I,I,S,I,I,S,I,S,I,S,I
0.11,S,S,S,S,S,S,S,S,S,S,S,I,I,S,I,I,S,I,S,I,S,I
0.01,S,S,S,S,S,S,S,S,S,S,S,I,I,I,I,I,S,I,S,I,S,I
0.00,S,S,S,S,S,S,S,S,S,S,S,I,S,I,I,I,S,I,S,I,S,I
0.01,S,S,S,S,S,S,S,S,S,S,S,I,S,I,I,I,S,S,S,I,S,I
0.01,S,S,S,S,S,S,S,S,S,S,S,I,S,I,S,I,S,S,S,I,S,I
0.05,S,S,S,S,S,S,S,S,S,S,I,I,S,I,S,I,S,S,S,I,S,I
0.03,S,S,S,S,S,S,I,S,S,S,I,I,S,I,S,I,S,S,S,I,S,I
0.02,S,S,S,S,S,S,I,S,S,S,I,I,S,I,S,S,S,S,S,I,S,I
0.03,S,S,S,S,S,S,I,S,S,S,I,I,S,I,S,S,S,I,S,I,S,I
0.09,S,S,S,S,S,S,I,S,S,S,I,I,S,I,S,S,S,I,S,I,S,S
0.03,S,S,S,S,S,S,I,S,S,S,I,I,S,I,S,S,S,S,S,I,S,S
0.10,I,S,S,S,S,S,I,S,S,S,I,I,S,I,S,S,S,S,S,I,S,S
0.03,I,S,S,I,S,S,I,S,S,S,I,I,S,I,S,S,S,S,S,I,S,S
0.01,I,S,S,I,S,S,I,S,S,I,I,I,S,I,S,S,S,S,S,I,S,S
0.03,I,S,S,I,S,I,I,S,S,I,I,I,S,I,S,S,S,S,S,I,S,S
0.14,I,S,S,I,S,I,I,S,S,I,I,I,S,S,S,S,S,S,S,I,S,S
0.01,I,S,S,I,S,S,I,S,S,I,I,I,S,S,S,S,S,S,S,I,S,S
0.06,I,S,S,S,S,S,I,S,S,I,I,I,S,S,S,S,S,S,S,I,S,S
0.07,I,S,S,S,S,S,I,S,S,I,I,I,S,S,S,S,S,S,S,I,I,S
0.03,I,S,S,S,S,S,I,S,S,S,I,I,S,S,S,S,S,S,S,I,I,S
0.13,I,S,S,S,S,S,I,S,S,S,I,S,S,S,S,S,S,S,S,I,I,S
0.06,S,S,S,S,S,S,I,S,S,S,I,S,S,S,S,S,S,S,S,I,I,S
0.04,S,S,S,S,S,S,I,S,S,S,I,S,S,S,S,S,S,S,S,I,S,S
0.43,I,S,S,S,S,S,I,S,S,S,I,S,S,S,S,S,S,S,S,I,S,S
0.04,I,S,S,S,S,S,I,S,S,S,I,S,S,S,S,S,S,I,S,I,S,S
0.04,I,S,S,S,S,S,I,S,S,S,I,S,I,S,S,S,S,I,S,I,S,S
0.08,I,S,S,S,S,S,I,S,S,S,I,S,I,S,S,I,S,I,S,I,S,S
0.14,I,S,S,S,I,S,I,S,S,S,I,S,I,S,S,I,S,I,S,I,S,S
0.02,I,S,S,S,I,S,S,S,S,S,I,S,I,S,S,I,S,I,S,I,S,S
0.13,I,S,S,S,I,S,S,S,S,S,I,S,I,S,S,I,S,I,S,I,S,I
0.02,I,S,S,I,I,S,S,S,S,S,I,S,I,S,S,I,S,I,S,I,S,I
0.08,I,S,S,I,I,S,S,S,S,S,I,S,I,S,S,I,S,I,I,I,S,I
0.00,I,S,S,I,I,S,S,S,S,S,I,S,I,S,S,I,S,I,I,I,S,S
0.03,I,S,S,I,I,S,S,S,S,S,I,S,I,S,I,I,S,I,I,I,S,S
0.02,I,S,S,S,I,S,S,S,S,S,I,S,I,S,I,I,S,I,I,I,S,S
0.05,I,S,S,S,I,S,S,S,S,S,S,S,I,S,I,I,S,I,I,I,S,S
0.04,I,S,S,S,I,S,S,S,S,S,S,S,I,S,I,I,S,I,I,S,S,S
0.02,I,S,S,S,I,S,S,S,S,S,S,S,I,I,I,I,S,I,I,S,S,S
0.11,I,S,S,S,I,S,S,S,S,S,S,I,I,I,I,I,S,I,I,S,S,S
0.15,I,S,S,S,I,S,S,S,S,S,S,I,I,I,I,I,S,I,I,S,S,I
0.01,I,S,S,S,I,S,S,S,S,S,S,I,I,S,I,I,S,I,I,S,S,I
0.04,I,S,S,S,I,S,S,S,S,S,S,I,I,S,I,S,S,I,I,S,S,I
0.06,I,S,S,S,I,S,I,S,S,S,S,I,I,S,I,S,S,I,I,S,S,I
0.03,I,S,S,S,I,S,S,S,S,S,S,I,I,S,I,S,S,I,I,S,S,I
0.02,I,S,S,S,S,S,S,S,S,S,S,I,I,S,I,S,S,I,I,S,S,I
0.01,I,S,S,S,S,S,S,S,S,S,I,I,I,S,I,S,S,I,I,S,S,I
0.02,I,S,S,S,S,S,S,S,I,S,I,I,I,S,I,S,S,I,I,S,S,I
0.05,I,S,S,S,S,S,I,S,I,S,I,I,I,S,I,S,S,I,I,S,S,I
0.01,I,S,S,S,S,S,I,S,I,S,I,I,I,S,I,S,S,I,I,I,S,I
0.10,I,S,S,S,S,S,I,S,I,S,I,I,I,S,I,S,S,S,I,I,S,I
0.08,I,S,S,S,S,S,I,S,I,S,I,I,I,S,I,S,S,S,I,S,S,I
0.05,I,S,S,S,S,S,I,S,I,S,I,I,I,S,I,S,S,S,I,S,I,I
0.05,I,S,S,S,S,S,I,S,I,S,I,I,I,S,I,S,I,S,I,S,I,I
0.06,I,S,S,I,S,S,I,S,I,S,I,I,I,S,I,S,I,S,I,S,I,I
0.02,I,S,S,I,S,S,I,I,I,S,I,I,I,S,I,S,I,S,I,S,I,I
0.07,I,S,S,I,S,S,I,I,I,S,I,I,I,S,I,S,S,S,I,S,I,I
0.12,I,S,S,I,S,S,I,I,I,S,S,I,I,S,I,S,S,S,I,S,I,I
0.04,I,S,S,I,S,S,I,I,I,S,S,I,I,S,I,S,S,S,I,S,I,S
0.08,I,S,S,I,S,S,I,I,I,S,S,I,I,S,S,S,S,S,I,S,I,S
0.08,I,S,S,I,S,S,I,S,I,S,S,I,I,S,S,S,S,S,I,S,I,S
0.22,S,S,S,I,S,S,I,S,I,S,S,I,I,S,S,S,S,S,I,S,I,S
0.13,S,S,S,S,S,S,I,S,I,S,S,I,I,S,S,S,S,S,I,S,I,S
0.16,S,S,S,S,S,S,S,S,I,S,S,I,I,S,S,S,S,S,I,S,I,S
0.05,S,S,S,S,S,S,S,S,I,S,S,I,I,S,S,I,S,S,I,S,I,S
0.10,S,S,S,S,S,S,S,S,I,S,S,S,I,S,S,I,S,S,I,S,I,S
0.10,S,S,S,S,S,S,S,S,I,S,S,S,S,S,S,I,S,S,I,S,I,S
0.10,S,S,S,S,S,S,S,S,I,S,S,S,S,S,S,S,S,S,I,S,I,S
0.18,S,S,S,S,S,S,S,S,I,S,S,S,S,S,S,S,S,S,I,I,I,S
0.04,S,S,S,S,S,S,S,S,I,S,S,S,S,S,S,S,S,S,I,I,S,S
0.17,S,S,S,S,S,S,S,S,I,S,S,S,S,S,S,S,S,S,I,I,S,I
0.01,S,S,S,S,S,S,S,I,I,S,S,S,S,S,S,S,S,S,I,I,S,I
0.07,S,I,S,S,S,S,S,I,I,S,S,S,S,S,S,S,S,S,I,I,S,I
0.01,S,I,S,S,S,S,S,I,I,S,S,S,S,S,S,S,S,S,I,S,S,I
0.10,S,I,S,S,S,S,S,I,S,S,S,S,S,S,S,S,S,S,I,S,S,I
0.09,S,I,S,S,S,S,S,I,I,S,S,S,S,S,S,S,S,S,I,S,S,I
0.02,S,I,S,S,S,S,S,I,I,S,S,S,S,S,I,S,S,S,I,S,S,I
0.04,S,I,S,S,S,S,I,I,I,S,S,S,S,S,I,S,S,S,I,S,S,I
0.06,S,I,S,S,S,S,I,S,I,S,S,S,S,S,I,S,S,S,I,S,S,I
0.01,S,S,S,S,S,S,I,S,I,S,S,S,S,S,I,S,S,S,I,S,S,I
0.03,S,S,I,S,S,S,I,S,I,S,S,S,S,S,I,S,S,S,I,S,S,I
0.09,I,S,I,S,S,S,I,S,I,S,S,S,S,S,I,S,S,S,I,S,S,I
0.08,I,S,I,S,S,S,I,S,I,S,S,S,S,S,S,S,S,S,I,S,S,I
0.17,I,I,I,S,S,S,I,S,I,S,S,S,S,S,S,S,S,S,I,S,S,I
0.21,I,I,I,S,S,S,S,S,I,S,S,S,S,S,S,S,S,S,I,S,S,I
0.09,I,I,I,S,S,I,S,S,I,S,S,S,S,S,S,S,S,S,I,S,S,I
0.20,S,I,I,S,S,I,S,S,I,S,S,S,S,S,S,S,S,S,I,S,S,I
0.05,S,S,I,S,S,I,S,S,I,S,S,S,S,S,S,S,S,S,I,S,S,I
0.02,S,I,I,S,S,I,S,S,I,S,S,S,S,S,S,S,S,S,I,S,S,I
0.02,S,I,I,S,S,I,S,S,I,S,S,S,S,S,S,S,S,S,I,S,I,I
0.03,S,I,I,S,I,I,S,S,I,S,S,S,S,S,S,S,S,S,I,S,I,I
0.02,S,I,I,S,I,I,S,S,S,S,S,S,S,S,S,S,S,S,I,S,I,I
0.02,S,I,I,S,I,I,S,S,S,S,S,S,S,S,S,S,S,S,I,S,I,S
0.07,S,I,I,I,I,I,S,S,S,S,S,S,S,S,S,S,S,S,I,S,I,S
0.09,S,I,I,I,S,I,S,S,S,S,S,S,S,S,S,S,S,S,I,S,I,S
0.03,S,I,I,I,I,I,S,S,S,S,S,S,S,S,S,S,S,S,I,S,I,S
0.22,S,I,I,I,I,I,S,S,S,S,S,S,S,S,S,S,S,S,I,S,S,S
0.09,S,I,I,I,I,I,I,S,S,S,S,S,S,S,S,S,S,S,I,S,S,S
0.05,S,I,I,I,I,I,I,S,S,S,I,S,S,S,S,S,S,S,I,S,S,S
0.15,S,I,I,I,I,I,I,S,S,S,I,S,I,S,S,S,S,S,I,S,S,S
0.02,S,I,I,I,I,I,I,S,S,S,I,S,I,S,S,S,S,S,I,S,S,I
0.04,S,I,I,I,I,I,I,I,S,S,I,S,I,S,S,S,S,S,I,S,S,I
0.13,S,I,I,I,I,I,I,I,S,S,I,S,I,S,S,S,I,S,I,S,S,I
0.07,S,I,I,I,I,S,I,I,S,S,I,S,I,S,S,S,I,S,I,S,S,I
0.10,S,I,I,I,I,S,I,I,S,S,I,S,S,S,S,S,I,S,I,S,S,I
0.08,S,I,I,I,S,S,I,I,S,S,I,S,S,S,S,S,I,S,I,S,S,I
0.00,S,I,I,I,S,S,I,I,S,S,I,S,S,S,I,S,I,S,I,S,S,I
0.10,S,I,I,I,S,S,I,S,S,S,I,S,S,S,I,S,I,S,I,S,S,I
0.16,S,I,I,I,S,S,I,S,S,S,I,S,S,S,I,S,S,S,I,S,S,I
0.06,S,I,I,I,S,S,I,S,S,S,I,S,S,S,I,S,S,S,S,S,S,I
0.01,S,I,S,I,S,S,I,S,S,S,I,S,S,S,I,S,S,S,S,S,S,I
0.21,S,I,S,I,S,S,I,S,S,S,I,S,S,S,I,S,S,S,S,I,S,I
0.06,S,I,S,S,S,S,I,S,S,S,I,S,S,S,I,S,S,S,S,I,S,I
0.00,S,I,S,I,S,S,I,S,S,S,I,S,S,S,I,S,S,S,S,I,S,I
0.02,S,I,S,I,I,S,I,S,S,S,I,S,S,S,I,S,S,S,S,I,S,I
0.12,S,I,S,I,I,S,I,S,S,S,I,S,S,S,I,S,S,S,S,S,S,I
0.01,S,I,S,I,I,S,I,S,S,S,I,S,S,S,I,S,S,S,S,S,S,S
0.12,S,I,S,I,S,S,I,S,S,S,I,S,S,S,I,S,S,S,S,S,S,S
0.10,S,I,S,I,S,S,S,S,S,S,I,S,S,S,I,S,S,S,S,S,S,S
0.05,S,I,S,I,S,S,S,S,S,S,I,S,I,S,I,S,S,S,S,S,S,S
0.23,S,I,S,I,S,I,S,S,S,S,I,S,I,S,I,S,S,S,S,S,S,S
0.07,S,I,S,I,S,I,S,S,S,S,S,S,I,S,I,S,S,S,S,S,S,S
0.20,S,I,S,I,S,I,I,S,S,S,S,S,I,S,I,S,S,S,S,S,S,S
0.07,S,I,S,I,S,I,I,I,S,S,S,S,I,S,I,S,S,S,S,S,S,S
0.07,S,I,I,I,S,I,I,I,S,S,S,S,I,S,I,S,S,S,S,S,S,S
0.03,S,I,I,I,S,I,I,I,S,S,S,S,I,S,S,S,S,S,S,S,S,S
0.02,S,I,I,I,S,I,I,I,S,S,S,S,I,S,S,S,S,S,S,S,I,S
0.01,S,I,I,I,S,I,I,I,S,S,S,I,I,S,S,S,S,S,S,S,I,S
0.02,S,S,I,I,S,I,I,I,S,S,S,I,I,S,S,S,S,S,S,S,I,S
0.07,S,S,I,I,S,S,I,I,S,S,S,I,I,S,S,S,S,S,S,S,I,S
0.08,S,S,I,I,S,S,I,I,S,S,S,I,I,S,S,S,S,S,S,I,I,S
0.01,S,S,I,I,S,I,I,I,S,S,S,I,I,S,S,S,S,S,S,I,I,S
0.03,S,S,I,I,S,I,I,I,S,I,S,I,I,S,S,S,S,S,S,I,I,S
0.00,S,S,I,I,S,I,I,I,S,I,S,I,I,S,S,S,S,S,S,I,S,S
0.01,S,S,I,I,S,I,I,I,S,I,S,I,I,S,S,S,I,S,S,I,S,S
0.03,S,S,I,I,S,I,I,I,S,I,S,I,I,S,S,S,I,S,S,I,I,S
0.09,S,S,I,I,S,I,I,I,S,I,S,S,I,S,S,S,I,S,S,I,I,S
0.01,S,S,S,I,S,I,I,I,S,I,S,S,I,S,S,S,I,S,S,I,I,S
0.17,S,S,S,I,S,I,I,I,S,I,S,S,I,S,S,S,I,I,S,I,I,S
0.11,S,S,S,I,S,S,I,I,S,I,S,S,I,S,S,S,I,I,S,I,I,S
0.05,S,S,S,I,S,S,S,I,S,I,S,S,I,S,S,S,I,I,S,I,I,S
0.02,S,S,S,I,S,S,S,S,S,I,S,S,I,S,S,S,I,I,S,I,I,S
0.07,S,S,S,I,S,S,S,S,S,I,S,S,I,S,S,S,I,I,S,S,I,S
0.01,S,S,S,I,S,S,S,S,S,I,S,S,I,S,S,S,I,I,S,S,S,S
0.01,S,S,S,I,S,S,S,S,S,S,S,S,I,S,S,S,I,I,S,S,S,S
0.07,S,S,S,I,S,S,S,S,S,S,S,S,S,S,S,S,I,I,S,S,S,S
0.06,S,S,S,I,I,S,S,S,S,S,S,S,S,S,S,S,I,I,S,S,S,S
0.01,S,S,S,I,I,S,S,S,S,S,S,S,S,S,S,S,I,I,I,S,S,S
0.02,S,S,S,I,I,S,S,S,S,S,S,S,S,S,S,S,I,S,I,S,S,S
0.11,S,S,S,I,I,S,S,S,S,S,S,S,S,I,S,S,I,S,I,S,S,S
0.07,S,S,S,I,I,S,S,S,S,S,S,S,S,S,S,S,I,S,I,S,S,S
0.19,S,S,S,S,I,S,S,S,S,S,S,S,S,S,S,S,I,S,I,S,S,S
0.08,S,S,S,S,I,S,S,I,S,S,S,S,S,S,S,S,I,S,I,S,S,S
0.00,S,S,S,S,I,S,S,I,S,S,S,S,S,S,S,S,I,S,I,I,S,S
0.02,S,S,S,S,I,S,S,I,S,S,S,S,S,S,S,S,S,S,I,I,S,S
0.06,I,S,S,S,I,S,S,I,S,S,S,S,S,S,S,S,S,S,I,I,S,S
0.01,S,S,S,S,I,S,S,I,S,S,S,S,S,S,S,S,S,S,I,I,S,S
0.01,S,S,S,S,I,S,S,I,S,S,S,S,S,S,S,S,S,S,I,I,S,I
0.04,S,S,S,S,I,S,S,I,S,S,S,S,S,S,S,S,I,S,I,I,S,I
0.01,S,S,S,S,I,S,I,I,S,S,S,S,S,S,S,S,I,S,I,I,S,I
0.08,S,S,S,S,I,S,I,I,S,S,S,S,S,S,S,S,I,S,I,I,S,S
0.03,S,S,S,S,I,S,I,I,S,S,S,S,S,S,I,S,I,S,I,I,S,S
0.04,S,S,S,S,S,S,I,I,S,S,S,S,S,S,I,S,I,S,I,I,S,S
0.12,S,S,S,S,I,S,I,I,S,S,S,S,S,S,I,S,I,S,I,I,S,S
0.18,S,S,S,S,I,S,I,I,S,S,S,S,S,S,S,S,I,S,I,I,S,S
0.17,S,S,S,S,S,S,I,I,S,S,S,S,S,S,S,S,I,S,I,I,S,S
0.05,S,S,S,S,S,I,I,I,S,S,S,S,S,S,S,S,I,S,I,I,S,S
0.05,I,S,S,S,S,I,I,I,S,S,S,S,S,S,S,S,I,S,I,I,S,S
0.16,I,S,S,S,S,I,I,I,S,S,S,S,S,S,S,I,I,S,I,I,S,S
0.08,I,S,S,S,S,I,S,I,S,S,S,S,S,S,S,I,I,S,I,I,S,S
0.15,I,S,S,S,S,I,S,I,S,S,S,S,S,S,S,I,I,S,I,S,S,S
0.02,I,I,S,S,S,I,S,I,S,S,S,S,S,S,S,I,I,S,I,S,S,S
0.00,I,I,S,I,S,I,S,I,S,S,S,S,S,S,S,I,I,S,I,S,S,S
0.12,I,I,S,I,S,I,S,I,S,S,S,S,S,S,S,I,I,S,I,S,S,I
0.09,I,I,S,I,S,I,S,I,S,S,S,S,S,I,S,I,I,S,I,S,S,I
0.14,I,I,S,I,S,I,S,I,S,S,S,S,S,I,S,I,I,S,I,S,I,I
0.00,I,I,S,I,S,I,S,I,S,S,S,S,S,I,S,I,I,I,I,S,I,I
0.03,I,I,S,I,S,I,S,S,S,S,S,S,S,I,S,I,I,I,I,S,I,I
0.01,I,I,I,I,S,I,S,S,S,S,S,S,S,I,S,I,I,I,I,S,I,I
0.07,I,I,I,I,S,I,S,S,S,S,S,S,S,I,S,I,I,I,S,S,I,I
0.06,I,I,I,I,S,I,I,S,S,S,S,S,S,I,S,I,I,I,S,S,I,I
0.01,I,I,S,I,S,I,I,S,S,S,S,S,S,I,S,I,I,I,S,S,I,I
0.22,I,I,S,I,S,I,I,S,S,S,S,S,S,I,S,I,I,I,S,I,I,I
0.26,I,I,S,S,S,I,I,S,S,S,S,S,S,I,S,I,I,I,S,I,I,I
0.03,I,I,S,S,S,I,I,S,S,S,S,S,S,I,I,I,I,I,S,I,I,I
0.26,I,I,S,S,S,S,I,S,S,S,S,S,S,I,I,I,I,I,S,I,I,I
0.08,S,I,S,S,S,S,I,S,S,S,S,S,S,I,I,I,I,I,S,I,I,I
0.01,S,S,S,S,S,S,I,S,S,S,S,S,S,I,I,I,I,I,S,I,I,I
0.15,S,S,S,S,S,S,S,S,S,S,S,S,S,I,I,I,I,I,S,I,I,I
0.09,S,S,S,S,S,S,S,S,S,S,S,S,S,I,S,I,I,I,S,I,I,I
0.00,S,S,S,S,S,S,S,S,S,S,S,S,S,I,S,I,I,S,S,I,I,I
0.06,S,S,S,I,S,S,S,S,S,S,S,S,S,I,S,I,I,S,S,I,I,I
0.04,S,S,S,I,S,S,S,S,S,S,S,S,S,I,I,I,I,S,S,I,I,I
0.08,S,S,S,I,S,S,S,S,S,S,S,I,S,I,I,I,I,S,S,I,I,I
0.02,S,S,I,I,S,S,S,S,S,S,S,I,S,I,I,I,I,S,S,I,I,I
0.03,S,S,I,I,S,S,S,S,S,S,S,I,S,I,S,I,I,S,S,I,I,I
0.00,S,S,I,I,S,S,S,S,S,S,S,I,S,I,S,I,I,S,S,I,I,S
0.12,S,S,I,I,S,S,S,S,S,S,S,I,S,I,S,I,I,S,S,I,S,S
0.21,S,S,I,I,S,S,S,I,S,S,S,I,S,I,S,I,I,S,S,I,S,S
0.01,S,S,I,I,I,S,S,I,S,S,S,I,S,I,S,I,I,S,S,I,S,S
0.01,S,S,I,I,S,S,S,I,S,S,S,I,S,I,S,I,I,S,S,I,S,S
0.02,S,S,I,I,S,S,S,I,S,S,S,I,S,I,S,I,I,S,S,S,S,S
0.03,S,S,I,I,S,S,S,I,S,S,S,I,S,I,S,I,I,I,S,S,S,S
0.08,S,S,I,I,S,S,S,I,S,S,S,I,I,I,S,I,I,I,S,S,S,S
0.07,S,S,I,I,S,S,S,S,S,S,S,I,I,I,S,I,I,I,S,S,S,S
0.01,S,S,I,I,S,S,S,S,S,S,S,S,I,I,S,I,I,I,S,S,S,S
0.00,S,I,I,I,S,S,S,S,S,S,S,S,I,I,S,I,I,I,S,S,S,S
0.14,S,S,I,I,S,S,S,S,S,S,S,S,I,I,S,I,I,I,S,S,S,S
0.02,S,S,I,I,S,S,S,S,S,S,S,S,S,I,S,I,I,I,S,S,S,S
0.13,S,S,I,I,S,S,S,S,S,S,I,S,S,I,S,I,I,I,S,S,S,S
0.15,S,S,I,I,S,S,S,S,S,S,I,S,S,I,S,S,I,I,S,S,S,S
0.12,I,S,I,I,S,S,S,S,S,S,I,S,S,I,S,S,I,I,S,S,S,S
0.04,I,S,I,I,S,S,S,S,S,S,I,S,I,I,S,S,I,I,S,S,S,S
0.05,S,S,I,I,S,S,S,S,S,S,I,S,I,I,S,S,I,I,S,S,S,S
0.01,S,S,I,S,S,S,S,S,S,S,I,S,I,I,S,S,I,I,S,S,S,S
0.07,S,I,I,S,S,S,S,S,S,S,I,S,I,I,S,S,I,I,S,S,S,S
0.00,S,I,S,S,S,S,S,S,S,S,I,S,I,I,S,S,I,I,S,S,S,S
0.00,S,I,S,S,S,S,S,S,S,S,I,S,I,I,S,S,S,I,S,S,S,S
0.10,S,I,S,S,S,S,S,S,S,S,I,S,I,I,S,S,S,S,S,S,S,S
0.23,S,I,S,S,S,S,S,S,S,S,I,S,I,I,S,S,S,I,S,S,S,S
0.04,S,I,S,S,S,S,S,S,I,S,I,S,I,I,S,S,S,I,S,S,S,S
0.27,S,I,S,S,S,S,S,S,I,S,I,S,I,S,S,S,S,I,S,S,S,S
0.03,S,I,S,S,S,S,S,S,I,S,I,S,I,S,S,S,S,S,S,S,S,S
0.06,S,I,I,S,S,S,S,S,I,S,I,S,I,S,S,S,S,S,S,S,S,S
0.00,S,I,I,S,S,S,S,S,I,S,I,S,S,S,S,S,S,S,S,S,S,S
0.21,S,I,I,S,S,S,S,S,I,S,I,S,S,S,S,S,S,I,S,S,S,S
0.00,S,I,I,S,S,S,S,S,I,S,I,S,S,S,S,S,S,I,I,S,S,S
0.17,S,I,I,S,S,S,S,S,S,S,I,S,S,S,S,S,S,I,I,S,S,S
0.00,S,I,S,S,S,S,S,S,S,S,I,S,S,S,S,S,S,I,I,S,S,S
0.12,S,I,S,S,S,S,S,S,S,S,I,S,I,S,S,S,S,I,I,S,S,S
0.00,S,I,S,S,S,S,S,S,S,S,I,S,S,S,S,S,S,I,I,S,S,S
0.23,S,I,S,S,S,S,S,S,S,S,I,S,S,S,S,S,S,I,S,S,S,S
0.08,S,I,S,S,S,S,S,S,S,S,I,S,S,S,S,I,S,I,S,S,S,S
0.09,S,I,S,S,S,S,I,S,S,S,I,S,S,S,S,I,S,I,S,S,S,S
0.04,S,I,S,S,S,S,I,S,I,S,I,S,S,S,S,I,S,I,S,S,S,S
0.00,S,I,S,S,S,S,I,S,I,S,I,S,S,S,I,I,S,I,S,S,S,S
0.01,S,I,S,S,S,S,I,S,I,S,I,S,S,I,I,I,S,I,S,S,S,S
0.05,S,I,S,S,S,S,I,S,I,S,I,S,S,I,I,S,S,I,S,S,S,S
0.12,S,I,S,S,S,S,I,S,I,S,I,S,S,I,I,S,S,I,I,S,S,S
0.00,S,S,S,S,S,S,I,S,I,S,I,S,S,I,I,S,S,I,I,S,S,S
0.01,S,S,S,S,S,S,I,S,I,S,I,S,S,I,I,S,I,I,I,S,S,S
0.09,S,S,S,S,S,S,I,S,I,S,I,S,S,S,I,S,I,I,I,S,S,S
0.02,I,S,S,S,S,S,I,S,I,S,I,S,S,S,I,S,I,I,I,S,S,S
0.08,I,S,S,S,S,S,S,S,I,S,I,S,S,S,I,S,I,I,I,S,S,S
0.09,I,S,S,S,S,S,S,S,I,S,I,S,S,S,I,I,I,I,I,S,S,S
0.08,I,S,S,S,S,S,S,S,I,S,I,S,S,S,I,I,I,I,I,I,S,S
0.17,I,S,S,S,S,S,S,S,I,S,I,S,S,S,I,I,I,S,I,I,S,S
0.01,I,S,S,S,S,S,S,S,I,S,I,S,S,S,I,I,I,S,S,I,S,S
0.01,I,S,S,S,S,S,S,S,I,S,I,S,S,S,S,I,I,S,S,I,S,S
0.14,I,S,S,S,S,S,S,S,I,S,S,S,S,S,S,I,I,S,S,I,S,S
0.01,I,S,S,S,S,S,S,S,S,S,S,S,S,S,S,I,I,S,S,I,S,S
0.02,I,S,S,S,S,S,S,S,S,S,S,S,S,S,S,I,S,S,S,I,S,S
0.00,I,I,S,S,S,S,S,S,S,S,S,S,S,S,S,I,S,S,S,I,S,S
0.01,I,I,S,S,S,S,S,S,S,S,S,S,S,S,S,S,S,S,S,I,S,S
0.06,I,I,S,S,S,S,I,S,S,S,S,S,S,S,S,S,S,S,S,I,S,S
0.09,I,I,S,S,S,S,I,S,S,S,S,S,I,S,S,S,S,S,S,I,S,S
0.04,I,I,S,S,S,S,I,S,S,S,S,S,I,S,S,I,S,S,S,I,S,S
0.03,I,I,S,S,S,S,I,I,S,S,S,S,I,S,S,I,S,S,S,I,S,S
0.15,I,I,S,S,S,S,I,S,S,S,S,S,I,S,S,I,S,S,S,I,S,S
0.19,I,I,S,S,S,S,I,S,S,S,S,S,I,S,S,I,S,S,S,I,I,S
0.20,I,S,S,S,S,S,I,S,S,S,S,S,I,S,S,I,S,S,S,I,I,S
0.05,I,S,S,S,S,S,I,I,S,S,S,S,I,S,S,I,S,S,S,I,I,S
0.08,I,S,S,S,S,S,I,I,S,S,S,S,I,S,S,I,S,S,S,S,I,S
0.05,I,S,S,S,S,I,I,I,S,S,S,S,I,S,S,I,S,S,S,S,I,S
0.01,I,S,S,S,S,I,I,I,S,S,S,S,I,S,I,I,S,S,S,S,I,S
0.05,I,S,S,S,S,I,I,I,S,S,S,S,I,S,I,I,S,S,I,S,I,S
0.15,I,S,S,S,S,S,I,I,S,S,S,S,I,S,I,I,S,S,I,S,I,S
0.06,I,S,S,S,S,S,I,I,S,S,S,S,I,S,I,I,S,S,I,S,S,S
0.08,I,S,S,S,S,S,I,I,S,S,I,S,I,S,I,I,S,S,I,S,S,S
0.18,I,I,S,S,S,S,I,I,S,S,I,S,I,S,I,I,S,S,I,S,S,S
0.03,I,I,S,S,S,S,I,I,S,S,I,I,I,S,I,I,S,S,I,S,S,S
0.12,I,S,S,S,S,S,I,I,S,S,I,I,I,S,I,I,S,S,I,S,S,S
0.05,I,S,S,S,I,S,I,I,S,S,I,I,I,S,I,I,S,S,I,S,S,S
0.06,I,S,S,S,I,S,I,I,I,S,I,I,I,S,I,I,S,S,I,S,S,S
0.10,I,S,S,S,I,S,I,S,I,S,I,I,I,S,I,I,S,S,I,S,S,S
0.06,I,S,S,S,I,S,I,S,I,S,I,I,I,S,I,S,S,S,I,S,S,S
0.10,I,S,S,S,S,S,I,S,I,S,I,I,I,S,I,S,S,S,I,S,S,S
0.02,I,S,S,S,S,S,I,S,I,S,I,S,I,S,I,S,S,S,I,S,S,S
0.04,I,S,S,S,S,S,I,S,I,S,I,S,I,S,I,S,S,S,I,I,S,S
0.17,I,S,S,S,S,S,I,S,I,I,I,S,I,S,I,S,S,S,I,I,S,S
0.02,I,I,S,S,S,S,I,S,I,I,I,S,I,S,I,S,S,S,I,I,S,S
0.03,I,I,S,S,S,S,I,S,I,I,S,S,I,S,I,S,S,S,I,I,S,S
0.01,S,I,S,S,S,S,I,S,I,I,S,S,I,S,I,S,S,S,I,I,S,S
0.01,S,I,S,S,S,S,I,S,I,I,S,S,I,S,I,I,S,S,I,I,S,S
0.18,S,S,S,S,S,S,I,S,I,I,S,S,I,S,I,I,S,S,I,I,S,S
0.12,S,S,S,S,S,S,I,S,S,I,S,S,I,S,I,I,S,S,I,I,S,S
0.18,I,S,S,S,S,S,I,S,S,I,S,S,I,S,I,I,S,S,I,I,S,S
0.23,I,S,S,S,S,S,I,S,S,I,S,S,S,S,I,I,S,S,I,I,S,S
0.01,I,S,S,S,S,S,I,S,S,S,S,S,S,S,I,I,S,S,I,I,S,S
0.02,I,I,S,S,S,S,I,S,S,S,S,S,S,S,I,I,S,S,I,I,S,S
0.06,S,I,S,S,S,S,I,S,S,S,S,S,S,S,I,I,S,S,I,I,S,S
0.00,S,I,S,I,S,S,I,S,S,S,S,S,S,S,I,I,S,S,I,I,S,S
0.09,S,I,S,I,S,S,I,S,S,I,S,S,S,S,I,I,S,S,I,I,S,S
0.06,S,I,S,I,S,S,I,S,S,I,S,S,S,S,I,I,S,I,I,I,S,S
0.02,S,I,S,I,S,S,I,S,S,I,S,S,S,S,S,I,S,I,I,I,S,S
0.02,S,I,S,I,S,S,I,S,S,I,S,S,S,S,S,I,S,I,I,S,S,S
0.31,S,I,S,I,S,S,S,S,S,I,S,S,S,S,S,I,S,I,I,S,S,S
0.06,S,I,S,I,S,S,S,S,S,I,S,S,S,S,S,I,S,I,I,I,S,S
0.12,S,S,S,I,S,S,S,S,S,I,S,S,S,S,S,I,S,I,I,I,S,S
0.04,S,S,S,I,S,S,S,S,S,I,S,S,S,S,S,I,S,S,I,I,S,S
0.08,S,S,S,I,S,S,S,S,S,I,S,S,S,S,S,I,S,S,I,I,I,S
0.03,S,S,S,I,S,S,S,S,S,I,S,S,S,S,S,I,I,S,I,I,I,S
0.03,S,S,I,I,S,S,S,S,S,I,S,S,S,S,S,I,I,S,I,I,I,S
0.03,S,S,I,I,S,S,I,S,S,I,S,S,S,S,S,I,I,S,I,I,I,S
0.04,S,S,I,I,S,S,I,I,S,I,S,S,S,S,S,I,I,S,I,I,I,S
0.19,S,S,I,I,S,S,I,I,S,I,S,S,S,S,S,I,I,S,I,I,S,S
0.05,S,S,I,I,S,S,I,I,S,I,S,S,S,S,S,S,I,S,I,I,S,S
0.01,S,S,I,I,S,S,I,I,S,S,S,S,S,S,S,S,I,S,I,I,S,S
0.05,S,S,I,S,S,S,I,I,S,S,S,S,S,S,S,S,I,S,I,I,S,S
0.13,S,S,I,S,S,S,I,I,S,S,S,S,S,S,S,S,I,S,I,I,S,I
0.01,S,S,I,S,S,S,I,I,S,S,S,S,S,S,S,S,I,S,I,I,S,S
0.01,S,S,I,S,S,S,I,I,I,S,S,S,S,S,S,S,I,S,I,I,S,S
0.02,S,S,I,S,S,S,S,I,I,S,S,S,S,S,S,S,I,S,I,I,S,S
0.02,S,S,I,S,S,S,S,I,S,S,S,S,S,S,S,S,I,S,I,I,S,S
0.00,S,S,I,S,S,S,S,I,S,S,S,S,S,S,S,S,S,S,I,I,S,S
0.07,S,S,I,S,S,S,S,I,S,S,S,S,S,S,S,S,S,S,I,S,S,S
0.05,S,S,I,S,S,S,I,I,S,S,S,S,S,S,S,S,S,S,I,S,S,S
0.07,S,S,I,S,S,S,I,I,S,S,S,S,I,S,S,S,S,S,I,S,S,S
0.09,S,S,S,S,S,S,I,I,S,S,S,S,I,S,S,S,S,S,I,S,S,S
0.07,S,S,S,S,S,S,I,I,S,S,S,S,I,S,S,I,S,S,I,S,S,S
0.02,S,S,S,S,S,S,I,I,S,S,S,S,I,S,I,I,S,S,I,S,S,S
0.06,S,S,S,S,S,S,S,I,S,S,S,S,I,S,I,I,S,S,I,S,S,S
0.11,I,S,S,S,S,S,S,I,S,S,S,S,I,S,I,I,S,S,I,S,S,S
0.04,I,S,S,S,S,S,S,I,S,S,S,S,I,S,S,I,S,S,I,S,S,S
0.32,I,S,S,S,S,S,S,I,S,S,S,S,I,S,S,I,S,S,I,S,S,I
0.05,I,S,S,S,S,S,S,I,S,S,S,S,I,S,S,S,S,S,I,S,S,I
0.03,I,S,S,S,S,S,S,S,S,S,S,S,I,S,S,S,S,S,I,S,S,I
0.14,I,S,S,S,S,S,S,S,S,S,S,S,I,S,I,S,S,S,I,S,S,I
0.09,I,S,S,S,S,S,S,S,S,S,S,S,I,I,I,S,S,S,I,S,S,I
0.03,I,S,S,S,S,S,S,S,S,S,S,S,I,I,I,S,S,S,S,S,S,I
0.11,I,S,S,S,S,S,S,S,S,S,S,S,I,I,I,S,S,S,I,S,S,I
0.22,I,S,S,S,S,S,S,S,S,S,S,S,I,I,S,S,S,S,I,S,S,I
0.05,I,S,S,S,I,S,S,S,S,S,S,S,I,I,S,S,S,S,I,S,S,I
0.00,I,S,S,S,I,S,S,S,S,S,S,S,I,I,S,S,S,S,I,I,S,I
0.04,I,S,S,I,I,S,S,S,S,S,S,S,I,I,S,S,S,S,I,I,S,I
0.08,S,S,S,I,I,S,S,S,S,S,S,S,I,I,S,S,S,S,I,I,S,I
0.11,S,S,S,I,I,S,S,S,S,S,S,S,I,S,S,S,S,S,I,I,S,I
0.02,S,S,S,I,I,S,S,S,S,S,S,S,I,S,S,S,S,S,I,I,S,S
0.13,S,S,S,I,I,S,S,S,S,S,S,S,I,S,S,I,S,S,I,I,S,S
0.07,S,S,S,I,I,S,S,S,S,S,S,S,I,S,S,I,S,S,I,S,S,S
0.06,S,S,S,I,I,S,S,S,I,S,S,S,I,S,S,I,S,S,I,S,S,S
0.06,S,S,S,I,I,S,S,S,I,S,S,S,I,I,S,I,S,S,I,S,S,S
0.02,S,S,S,I,I,S,S,S,I,S,S,S,I,I,S,I,S,S,S,S,S,S
0.04,S,S,S,I,I,S,S,S,I,S,S,S,I,I,S,I,S,S,I,S,S,S
0.00,S,S,S,I,I,S,S,S,S,S,S,S,I,I,S,I,S,S,I,S,S,S
0.00,S,S,S,I,I,S,S,S,I,S,S,S,I,I,S,I,S,S,I,S,S,S
0.05,S,S,S,S,I,S,S,S,I,S,S,S,I,I,S,I,S,S,I,S,S,S
0.24,S,S,S,S,I,S,S,S,I,S,S,S,I,I,S,I,S,S,I,S,I,S
0.03,S,S,S,S,I,S,S,S,I,S,S,S,S,I,S,I,S,S,I,S,I,S
0.04,S,S,S,S,I,S,S,S,I,I,S,S,S,I,S,I,S,S,I,S,I,S
0.02,S,S,S,S,I,S,S,S,I,I,S,S,I,I,S,I,S,S,I,S,I,S
0.16,S,S,S,S,S,S,S,S,I,I,S,S,I,I,S,I,S,S,I,S,I,S
0.07,S,S,S,S,S,S,S,S,I,S,S,S,I,I,S,I,S,S,I,S,I,S
0.13,S,S,S,S,S,S,S,S,I,S,I,S,I,I,S,I,S,S,I,S,I,S
0.21,S,S,S,S,I,S,S,S,I,S,I,S,I,I,S,I,S,S,I,S,I,S
0.04,S,S,S,S,I,S,S,S,I,S,I,S,I,S,S,I,S,S,I,S,I,S
0.12,S,S,S,S,I,S,S,S,I,S,I,S,I,S,S,I,S,S,I,S,I,I
0.02,S,S,S,I,I,S,S,S,I,S,I,S,I,S,S,I,S,S,I,S,I,I
0.05,S,S,S,I,I,S,S,S,I,S,I,S,I,S,S,S,S,S,I,S,I,I
0.00,S,S,S,I,S,S,S,S,I,S,I,S,I,S,S,S,S,S,I,S,I,I
0.02,S,S,S,I,S,S,S,S,I,S,I,S,I,I,S,S,S,S,I,S,I,I
0.03,S,S,I,I,S,S,S,S,I,S,I,S,I,I,S,S,S,S,I,S,I,I
0.01,S,S,I,S,S,S,S,S,I,S,I,S,I,I,S,S,S,S,I,S,I,I
0.03,S,S,I,S,S,S,S,S,S,S,I,S,I,I,S,S,S,S,I,S,I,I
0.10,S,S,I,S,S,S,S,S,S,S,S,S,I,I,S,S,S,S,I,S,I,I
0.02,S,S,I,S,S,S,S,S,S,S,S,S,I,I,S,S,S,S,I,S,I,S
0.10,S,S,I,I,S,S,S,S,S,S,S,S,I,I,S,S,S,S,I,S,I,S
0.09,S,S,I,I,S,S,S,S,S,S,S,S,I,I,S,I,S,S,I,S,I,S
0.14,S,S,I,I,S,S,S,S,S,S,S,S,I,S,S,I,S,S,I,S,I,S
0.07,S,S,I,I,S,S,S,S,S,S,S,S,I,S,S,I,I,S,I,S,I,S
0.00,S,S,I,I,S,S,S,S,S,S,S,S,I,S,S,I,I,S,S,S,I,S
0.17,S,S,I,I,S,S,S,S,S,S,S,S,I,S,S,I,S,S,S,S,I,S
0.00,S,S,I,I,S,S,S,S,S,S,S,S,I,S,S,I,S,I,S,S,I,S
0.02,S,S,I,I,S,I,S,S,S,S,S,S,I,S,S,I,S,I,S,S,I,S
0.14,S,S,I,S,S,I,S,S,S,S,S,S,I,S,S,I,S,I,S,S,I,S
0.10,S,S,I,S,S,I,S,S,S,S,S,S,S,S,S,I,S,I,S,S,I,S
0.02,S,S,I,S,S,I,S,S,S,S,S,S,S,S,S,I,I,I,S,S,I,S
0.00,S,S,I,S,S,I,S,S,S,S,S,I,S,S,S,I,I,I,S,S,I,S
0.11,S,S,I,S,S,I,S,S,S,S,S,I,S,S,S,S,I,I,S,S,I,S
0.13,S,S,S,S,S,I,S,S,S,S,S,I,S,S,S,S,I,I,S,S,I,S
0.03,S,S,S,S,S,I,S,S,S,S,S,I,S,S,S,S,I,I,S,I,I,S
0.04,S,S,S,S,S,I,S,S,S,S,S,I,S,S,S,I,I,I,S,I,I,S
0.06,S,S,S,S,S,I,S,S,S,S,S,I,S,I,S,I,I,I,S,I,I,S
0.01,S,S,S,S,S,I,S,S,S,S,S,I,S,I,S,I,I,I,S,I,I,I
0.00,S,S,S,S,S,I,S,S,S,S,S,S,S,I,S,I,I,I,S,I,I,I
0.25,S,S,S,S,I,I,S,S,S,S,S,S,S,I,S,I,I,I,S,I,I,I
0.02,S,S,S,S,I,I,S,S,S,S,S,S,S,I,S,I,S,I,S,I,I,I
0.04,S,S,S,S,I,I,S,S,S,S,S,I,S,I,S,I,S,I,S,I,I,I
0.24,I,S,S,S,I,I,S,S,S,S,S,I,S,I,S,I,S,I,S,I,I,I
0.06,I,S,S,S,S,I,S,S,S,S,S,I,S,I,S,I,S,I,S,I,I,I
0.02,I,S,S,S,S,I,S,S,S,S,S,I,S,I,S,I,S,I,S,I,I,S
0.28,I,S,S,S,S,I,S,S,S,S,S,I,S,I,S,I,S,S,S,I,I,S
0.03,I,S,S,S,S,I,S,S,S,S,S,I,S,I,S,I,S,S,S,I,I,I
0.03,I,S,S,S,S,I,S,S,S,S,S,I,S,I,S,I,I,S,S,I,I,I
0.07,I,S,S,S,S,I,S,S,S,S,S,I,S,I,S,I,S,S,S,I,I,I
0.06,I,S,S,S,S,I,S,S,S,S,S,I,S,I,S,I,S,S,S,I,I,S
0.00,I,S,S,S,S,I,S,S,S,S,S,I,S,I,I,I,S,S,S,I,I,S
0.08,I,S,S,S,S,I,I,S,S,S,S,I,S,I,I,I,S,S,S,I,I,S
0.01,I,S,S,I,S,I,I,S,S,S,S,I,S,I,I,I,S,S,S,I,I,S
0.08,I,S,S,I,S,I,I,S,S,S,S,I,S,I,I,I,S,S,S,I,S,S
0.12,I,S,S,I,S,I,I,S,S,I,S,I,S,I,I,I,S,S,S,I,S,S
0.11,I,S,S,I,S,I,I,S,S,I,S,I,S,I,S,I,S,S,S,I,S,S
0.00,I,S,S,I,S,I,I,S,S,I,S,I,S,I,S,I,I,S,S,I,S,S
0.13,I,S,I,I,S,I,I,S,S,I,S,I,S,I,S,I,I,S,S,I,S,S
0.05,I,S,I,I,S,I,I,S,S,I,S,I,S,S,S,I,I,S,S,I,S,S
0.14,I,S,I,I,S,I,I,S,S,I,S,I,S,S,S,I,I,S,S,S,S,S
0.06,I,S,I,I,S,I,I,I,S,I,S,I,S,S,S,I,I,S,S,S,S,S
0.01,I,S,I,I,S,I,I,I,S,S,S,I,S,S,S,I,I,S,S,S,S,S
0.08,I,S,I,I,S,I,I,I,I,S,S,I,S,S,S,I,I,S,S,S,S,S
0.03,I,S,I,I,S,I,I,I,I,S,S,I,S,S,S,I,S,S,S,S,S,S
0.02,I,S,I,S,S,I,I,I,I,S,S,I,S,S,S,I,S,S,S,S,S,S
0.07,I,I,I,S,S,I,I,I,I,S,S,I,S,S,S,I,S,S,S,S,S,S
0.08,I,I,I,S,S,I,I,I,I,S,S,I,S,S,S,I,S,S,S,I,S,S
0.09,I,I,I,S,S,I,I,I,I,S,S,I,S,S,I,I,S,S,S,I,S,S
0.12,I,S,I,S,S,I,I,I,I,S,S,I,S,S,I,I,S,S,S,I,S,S
0.06,I,S,I,I,S,I,I,I,I,S,S,I,S,S,I,I,S,S,S,I,S,S
0.01,I,S,I,I,S,S,I,I,I,S,S,I,S,S,I,I,S,S,S,I,S,S
0.06,I,S,I,I,S,S,I,I,S,S,S,I,S,S,I,I,S,S,S,I,S,S
0.08,I,S,I,I,S,S,I,I,S,S,S,I,S,S,I,I,I,S,S,I,S,S
0.05,I,S,I,I,S,S,I,I,S,S,S,I,S,S,I,I,S,S,S,I,S,S
0.08,I,S,I,I,S,S,I,I,S,S,S,I,S,S,S,I,S,S,S,I,S,S
0.08,I,S,I,I,S,S,I,I,S,S,S,I,I,S,S,I,S,S,S,I,S,S
0.10,I,S,I,I,S,S,I,I,S,S,S,S,I,S,S,I,S,S,S,I,S,S
0.12,I,S,I,S,S,S,I,I,S,S,S,S,I,S,S,I,S,S,S,I,S,S
0.01,I,S,I,S,S,S,I,I,I,S,S,S,I,S,S,I,S,S,S,I,S,S
0.00,I,S,I,S,S,S,I,I,I,S,S,S,S,S,S,I,S,S,S,I,S,S
0.01,I,S,I,S,S,S,I,I,I,S,S,I,S,S,S,I,S,S,S,I,S,S
0.15,I,S,I,S,S,S,I,I,I,S,S,I,I,S,S,I,S,S,S,I,S,S
0.00,I,S,I,S,S,S,I,I,I,S,S,I,I,S,I,I,S,S,S,I,S,S
0.01,S,S,I,S,S,S,I,I,I,S,S,I,I,S,I,I,S,S,S,I,S,S
0.11,S,S,I,S,S,S,I,I,I,S,S,I,S,S,I,I,S,S,S,I,S,S
0.04,S,S,I,S,S,S,I,I,I,S,S,I,S,I,I,I,S,S,S,I,S,S
0.05,S,S,I,S,S,S,S,I,I,S,S,I,S,I,I,I,S,S,S,I,S,S
0.03,S,S,I,S,S,S,S,I,I,S,S,I,S,S,I,I,S,S,S,I,S,S
0.05,S,S,I,S,S,S,S,I,I,S,S,I,S,S,I,I,S,I,S,I,S,S
0.05,S,S,S,S,S,S,S,I,I,S,S,I,S,S,I,I,S,I,S,I,S,S
0.08,S,S,S,S,S,S,S,I,I,S,S,I,S,S,I,I,S,S,S,I,S,S
0.19,S,S,S,S,S,S,S,S,I,S,S,I,S,S,I,I,S,S,S,I,S,S
0.09,S,S,S,S,S,S,S,S,I,S,S,S,S,S,I,I,S,S,S,I,S,S
0.01,S,S,S,S,S,S,S,S,I,S,S,S,S,S,I,I,S,S,S,I,I,S
0.14,S,S,S,S,S,S,I,S,I,S,S,S,S,S,I,I,S,S,S,I,I,S
0.24,S,S,S,S,S,S,I,S,I,S,I,S,S,S,I,I,S,S,S,I,I,S
0.06,S,S,S,S,S,S,I,S,I,S,I,S,S,S,S,I,S,S,S,I,I,S
0.03,S,S,S,S,S,S,I,S,I,S,I,S,S,S,I,I,S,S,S,I,I,S
0.00,S,S,S,S,S,S,I,S,I,S,I,S,S,S,I,I,S,S,S,S,I,S
0.22,S,S,S,S,S,S,I,S,S,S,I,S,S,S,I,I,S,S,S,S,I,S
0.15,S,S,S,S,S,S,I,S,S,S,S,S,S,S,I,I,S,S,S,S,I,S
0.35,S,S,S,S,S,S,I,S,S,S,S,S,S,S,I,S,S,S,S,S,I,S
0.07,S,S,S,S,S,S,I,S,S,S,S,S,S,S,I,S,I,S,S,S,I,S
0.10,S,S,S,S,S,S,I,I,S,S,S,S,S,S,I,S,I,S,S,S,I,S
0.00,S,S,S,S,S,S,I,I,I,S,S,S,S,S,I,S,I,S,S,S,I,S
0.05,S,S,S,S,S,S,I,I,I,S,S,S,S,S,I,I,I,S,S,S,I,S
0.02,S,S,S,S,S,S,I,S,I,S,S,S,S,S,I,I,I,S,S,S,I,S
0.06,S,S,S,S,S,S,I,S,I,S,S,S,S,S,I,I,S,S,S,S,I,S
0.00,S,S,S,S,S,S,I,S,S,S,S,S,S,S,I,I,S,S,S,S,I,S
0.00,S,S,S,S,S,S,I,S,S,S,S,S,S,S,I,S,S,S,S,S,I,S
0.02,S,S,S,S,S,S,I,S,S,S,S,S,S,S,I,S,S,S,S,S,S,S
0.04,S,S,S,S,S,S,I,S,S,S,S,S,S,S,I,S,S,S,I,S,S,S
0.12,S,I,S,S,S,S,I,S,S,S,S,S,S,S,I,S,S,S,I,S,S,S
0.05,S,I,S,S,S,S,I,S,S,S,S,S,S,S,S,S,S,S,I,S,S,S
0.07,S,I,S,S,S,S,I,S,S,S,S,S,S,S,S,I,S,S,I,S,S,S
0.04,S,I,S,S,S,S,S,S,S,S,S,S,S,S,S,I,S,S,I,S,S,S
0.05,S,I,S,S,S,S,S,I,S,S,S,S,S,S,S,I,S,S,I,S,S,S
0.00,S,I,S,S,S,S,S,I,S,S,S,S,S,S,S,I,S,S,S,S,S,S
0.08,S,I,S,S,I,S,S,I,S,S,S,S,S,S,S,I,S,S,S,S,S,S
0.07,S,I,S,S,I,S,I,I,S,S,S,S,S,S,S,I,S,S,S,S,S,S
0.01,S,I,S,S,I,S,I,S,S,S,S,S,S,S,S,I,S,S,S,S,S,S
0.11,S,I,S,S,S,S,I,S,S,S,S,S,S,S,S,I,S,S,S,S,S,S
0.14,S,I,S,S,S,S,I,I,S,S,S,S,S,S,S,I,S,S,S,S,S,S
0.00,S,I,S,S,S,S,I,I,S,I,S,S,S,S,S,I,S,S,S,S,S,S
0.03,S,I,S,S,S,S,I,I,S,I,S,S,S,S,S,S,S,S,S,S,S,S
0.16,S,I,S,S,S,S,I,I,S,I,S,S,S,S,S,S,S,S,S,I,S,S
0.16,I,I,S,S,S,S,I,I,S,I,S,S,S,S,S,S,S,S,S,I,S,S
0.02,I,I,S,S,S,S,I,S,S,I,S,S,S,S,S,S,S,S,S,I,S,S
0.04,I,S,S,S,S,S,I,S,S,I,S,S,S,S,S,S,S,S,S,I,S,S
0.11,S,S,S,S,S,S,I,S,S,I,S,S,S,S,S,S,S,S,S,I,S,S
0.17,S,S,S,I,S,S,I,S,S,I,S,S,S,S,S,S,S,S,S,I,S,S
0.06,S,S,S,I,S,S,I,S,S,I,I,S,S,S,S,S,S,S,S,I,S,S
0.02,S,S,S,I,S,S,I,S,S,I,I,S,S,S,S,S,I,S,S,I,S,S
0.09,S,S,S,I,S,S,I,S,S,I,I,S,S,S,S,S,S,S,S,I,S,S
0.03,S,S,S,I,S,S,I,S,S,I,I,S,I,S,S,S,S,S,S,I,S,S
0.06,S,S,S,I,S,S,I,S,S,S,I,S,I,S,S,S,S,S,S,I,S,S
0.12,S,S,S,I,S,S,I,S,S,I,I,S,I,S,S,S,S,S,S,I,S,S
0.07,S,S,S,I,S,S,I,S,S,I,I,S,I,S,S,I,S,S,S,I,S,S
0.18,S,S,S,I,S,S,I,S,S,I,I,S,I,S,S,I,S,S,S,S,S,S
0.03,S,S,S,I,S,S,I,S,S,I,I,S,I,S,S,S,S,S,S,S,S,S
0.05,S,S,S,I,S,S,I,S,S,I,I,S,I,S,S,S,I,S,S,S,S,S
0.10,S,S,S,I,S,S,I,S,S,I,I,S,I,S,S,S,S,S,S,S,S,S
0.12,S,S,S,I,S,S,I,S,S,I,S,S,I,S,S,S,S,S,S,S,S,S
0.09,S,S,S,I,S,S,I,S,S,I,S,S,I,S,S,S,S,S,I,S,S,S
0.10,S,S,S,I,S,S,I,S,S,S,S,S,I,S,S,S,S,S,I,S,S,S
0.10,S,S,S,I,S,S,S,S,S,S,S,S,I,S,S,S,S,S,I,S,S,S
0.12,S,S,S,I,S,S,S,S,S,S,I,S,I,S,S,S,S,S,I,S,S,S
0.28,S,S,S,I,S,S,I,S,S,S,I,S,I,S,S,S,S,S,I,S,S,S
0.11,S,S,S,I,S,S,I,S,S,S,I,S,I,S,S,S,S,S,I,S,S,I
0.01,S,S,S,I,S,S,I,S,S,S,I,S,I,S,S,S,S,S,S,S,S,I
0.01,S,S,S,I,S,S,I,I,S,S,I,S,I,S,S,S,S,S,S,S,S,I
0.07,S,S,S,I,S,S,I,I,S,S,I,S,S,S,S,S,S,S,S,S,S,I
0.01,S,S,S,I,S,S,I,I,S,I,I,S,S,S,S,S,S,S,S,S,S,I
0.00,S,S,S,I,S,S,I,S,S,I,I,S,S,S,S,S,S,S,S,S,S,I
0.04,S,S,S,I,S,S,I,S,S,S,I,S,S,S,S,S,S,S,S,S,S,I
0.09,S,S,S,I,S,S,I,S,S,S,I,S,S,S,S,S,S,S,I,S,S,I
0.08,S,S,S,I,S,S,I,S,S,S,I,S,S,S,I,S,S,S,I,S,S,I
0.06,S,S,S,I,S,S,I,S,S,S,I,I,S,S,I,S,S,S,I,S,S,I
0.02,S,S,S,I,S,S,I,S,S,S,I,I,S,I,I,S,S,S,I,S,S,I
0.00,S,S,I,I,S,S,I,S,S,S,I,I,S,I,I,S,S,S,I,S,S,I
0.01,S,S,I,I,S,S,I,S,S,S,I,I,S,I,I,S,S,S,S,S,S,I
0.04,S,S,I,I,S,S,I,S,S,S,I,I,S,I,I,S,S,S,I,S,S,I
0.27,S,S,I,I,S,S,I,S,S,I,I,I,S,I,I,S,S,S,I,S,S,I
0.21,S,S,I,I,S,S,I,S,S,I,I,I,S,I,I,S,S,I,I,S,S,I
0.01,S,S,I,I,S,S,I,S,S,I,I,I,S,I,I,S,S,I,I,I,S,I
0.00,S,S,I,I,S,S,I,S,S,I,I,S,S,I,I,S,S,I,I,I,S,I
0.04,S,S,I,I,S,S,I,S,S,I,I,S,S,I,I,S,S,I,I,I,S,S
0.01,S,S,I,I,S,S,I,S,S,I,I,S,S,I,I,S,S,I,S,I,S,S
0.01,S,S,I,I,S,S,I,S,S,I,I,S,S,I,I,S,S,I,S,I,I,S
0.21,S,S,I,S,S,S,I,S,S,I,I,S,S,I,I,S,S,I,S,I,I,S
0.20,S,S,I,S,S,S,I,S,S,I,I,S,S,I,I,S,S,I,S,S,I,S
0.11,S,S,I,S,S,S,I,S,S,I,I,S,S,S,I,S,S,I,S,S,I,S
0.04,S,S,S,S,S,S,I,S,S,I,I,S,S,S,I,S,S,I,S,S,I,S
0.07,S,S,S,S,S,S,I,S,S,I,I,S,S,S,I,S,S,S,S,S,I,S
0.05,S,S,S,S,S,I,I,S,S,I,I,S,S,S,I,S,S,S,S,S,I,S
0.06,S,S,S,S,S,I,I,S,S,I,I,S,S,S,I,S,S,S,S,S,S,S
0.06,S,S,S,S,S,S,I,S,S,I,I,S,S,S,I,S,S,S,S,S,S,S
0.01,S,I,S,S,S,S,I,S,S,I,I,S,S,S,I,S,S,S,S,S,S,S
0.08,S,I,S,S,S,S,I,S,S,I,I,S,S,S,I,S,S,S,I,S,S,S
0.04,S,I,S,S,S,S,I,S,S,I,I,S,S,S,I,S,S,S,S,S,S,S
0.09,S,I,S,S,S,S,I,S,S,I,I,S,S,S,S,S,S,S,S,S,S,S
0.03,S,I,S,S,S,S,I,I,S,I,I,S,S,S,S,S,S,S,S,S,S,S
0.03,S,I,S,S,S,S,I,I,S,I,I,S,S,S,S,S,S,S,S,I,S,S
0.04,S,I,S,S,S,S,I,I,S,I,I,I,S,S,S,S,S,S,S,I,S,S
0.15,S,I,S,S,S,S,S,I,S,I,I,I,S,S,S,S,S,S,S,I,S,S
0.07,S,I,S,S,S,S,S,I,S,I,I,I,S,I,S,S,S,S,S,I,S,S
0.05,S,I,S,S,S,S,S,I,S,I,I,I,S,I,S,S,S,S,S,S,S,S
0.00,S,I,S,S,S,S,S,I,S,I,S,I,S,I,S,S,S,S,S,S,S,S
0.03,S,I,S,S,S,S,S,I,S,I,S,I,S,I,S,I,S,S,S,S,S,S
0.05,S,I,S,S,S,S,S,I,S,I,S,I,S,I,S,S,S,S,S,S,S,S
0.01,S,I,S,I,S,S,S,I,S,I,S,I,S,I,S,S,S,S,S,S,S,S
0.08,S,I,S,I,S,S,S,I,S,S,S,I,S,I,S,S,S,S,S,S,S,S
0.03,S,I,S,I,S,S,S,I,I,S,S,I,S,I,S,S,S,S,S,S,S,S
0.12,S,I,S,I,S,S,S,I,I,I,S,I,S,I,S,S,S,S,S,S,S,S
0.00,S,I,S,I,S,S,S,I,I,I,S,I,S,I,S,S,S,S,S,S,I,S
0.04,S,I,S,I,S,S,S,I,I,I,I,I,S,I,S,S,S,S,S,S,I,S
0.02,S,I,S,I,S,S,S,I,I,I,S,I,S,I,S,S,S,S,S,S,I,S
0.03,S,I,S,I,S,S,S,I,I,I,S,I,S,I,S,S,I,S,S,S,I,S
0.01,S,I,S,I,S,I,S,I,I,I,S,I,S,I,S,S,I,S,S,S,I,S
0.02,S,I,S,S,S,I,S,I,I,I,S,I,S,I,S,S,I,S,S,S,I,S
0.03,S,I,S,S,S,I,I,I,I,I,S,I,S,I,S,S,I,S,S,S,I,S
0.04,S,I,I,S,S,I,I,I,I,I,S,I,S,I,S,S,I,S,S,S,I,S
0.07,S,I,I,S,S,I,I,I,I,I,S,I,S,I,S,S,I,I,S,S,I,S
0.03,S,I,I,S,S,I,I,I,I,I,S,I,S,I,S,S,I,S,S,S,I,S
0.01,S,I,I,S,S,I,I,I,I,S,S,I,S,I,S,S,I,S,S,S,I,S
0.03,S,I,I,I,S,I,I,I,I,S,S,I,S,I,S,S,I,S,S,S,I,S
0.04,S,I,I,I,I,I,I,I,I,S,S,I,S,I,S,S,I,S,S,S,I,S
0.09,S,S,I,I,I,I,I,I,I,S,S,I,S,I,S,S,I,S,S,S,I,S
0.12,S,S,I,S,I,I,I,I,I,S,S,I,S,I,S,S,I,S,S,S,I,S
0.19,S,S,I,S,I,I,I,I,I,S,S,I,S,I,S,S,I,S,S,S,S,S
0.06,S,S,I,S,I,I,I,I,I,S,I,I,S,I,S,S,I,S,S,S,S,S
0.11,S,S,I,S,I,I,I,I,I,S,S,I,S,I,S,S,I,S,S,S,S,S
0.07,S,S,I,I,I,I,I,I,I,S,S,I,S,I,S,S,I,S,S,S,S,S
0.02,S,S,I,I,I,I,I,I,I,S,S,S,S,I,S,S,I,S,S,S,S,S
0.03,S,S,I,I,I,I,I,I,I,S,S,S,S,I,S,S,I,S,S,S,I,S
0.04,S,S,I,I,I,I,I,I,I,S,S,S,S,I,S,I,I,S,S,S,I,S
0.00,S,S,I,I,I,I,I,I,I,S,S,S,S,I,S,I,I,S,S,S,S,S
0.07,S,S,I,I,I,I,I,I,I,S,S,S,S,I,S,I,I,S,S,I,S,S
0.05,S,S,I,I,I,I,I,I,I,I,S,S,S,I,S,I,I,S,S,I,S,S
0.01,S,S,I,S,I,I,I,I,I,I,S,S,S,I,S,I,I,S,S,I,S,S
0.19,S,S,I,S,I,I,I,I,I,I,S,S,S,I,S,S,I,S,S,I,S,S
0.13,S,S,I,S,I,I,I,I,I,I,S,S,S,I,S,S,S,S,S,I,S,S
0.07,S,S,I,S,I,I,I,I,I,I,S,S,S,S,S,S,S,S,S,I,S,S
0.07,S,S,I,S,I,I,I,I,I,S,S,S,S,S,S,S,S,S,S,I,S,S
0.07,S,S,I,I,I,I,I,I,I,S,S,S,S,S,S,S,S,S,S,I,S,S
0.05,S,S,I,I,I,I,I,I,I,S,S,S,S,S,S,S,S,S,S,S,S,S
0.04,S,S,I,S,I,I,I,I,I,S,S,S,S,S,S,S,S,S,S,S,S,S
0.11,S,S,I,I,I,I,I,I,I,S,S,S,S,S,S,S,S,S,S,S,S,S
0.03,S,S,I,I,S,I,I,I,I,S,S,S,S,S,S,S,S,S,S,S,S,S
0.08,S,S,I,I,S,I,I,I,I,S,S,S,S,S,I,S,S,S,S,S,S,S
0.00,S,S,I,I,S,I,I,I,I,S,S,S,S,S,I,S,S,I,S,S,S,S
0.21,S,S,I,I,S,I,I,I,I,S,S,S,S,S,S,S,S,I,S,S,S,S
0.10,S,S,I,I,S,I,I,I,S,S,S,S,S,S,S,S,S,I,S,S,S,S
0.02,S,S,I,I,S,I,I,I,S,S,S,S,S,S,S,S,S,I,S,S,I,S
0.01,S,S,I,I,S,I,I,S,S,S,S,S,S,S,S,S,S,I,S,S,I,S
0.06,S,S,S,I,S,I,I,S,S,S,S,S,S,S,S,S,S,I,S,S,I,S
0.18,I,S,S,I,S,I,I,S,S,S,S,S,S,S,S,S,S,I,S,S,I,S
0.22,I,S,S,I,S,I,I,S,S,S,S,I,S,S,S,S,S,I,S,S,I,S
0.13,I,S,S,I,S,I,I,S,S,S,S,I,S,S,S,S,S,I,S,S,S,S
0.05,I,S,S,I,S,I,I,S,S,S,S,I,S,S,S,S,S,S,S,S,S,S
0.16,I,S,S,I,S,I,I,S,S,S,S,S,S,S,S,S,S,S,S,S,S,S
0.09,I,S,S,I,S,I,I,S,S,I,S,S,S,S,S,S,S,S,S,S,S,S
0.03,I,S,S,I,S,I,S,S,S,I,S,S,S,S,S,S,S,S,S,S,S,S
0.09,I,I,S,I,S,I,S,S,S,I,S,S,S,S,S,S,S,S,S,S,S,S
0.03,I,I,S,I,S,I,S,S,S,I,S,S,S,S,S,S,S,S,S,S,I,S
0.11,I,I,S,I,S,I,S,S,S,I,I,S,S,S,S,S,S,S,S,S,I,S
0.11,I,I,S,S,S,I,S,S,S,I,I,S,S,S,S,S,S,S,S,S,I,S
0.05,S,I,S,S,S,I,S,S,S,I,I,S,S,S,S,S,S,S,S,S,I,S
0.49,S,I,S,S,S,I,S,S,S,I,I,S,S,S,S,S,S,S,S,S,S,S
0.29,S,I,S,S,S,I,S,S,S,I,I,S,S,S,S,S,I,S,S,S,S,S
0.05,S,I,S,I,S,I,S,S,S,I,I,S,S,S,S,S,I,S,S,S,S,S
0.10,S,I,S,I,S,I,S,S,S,I,I,S,S,S,S,S,I,S,S,S,S,I
0.01,S,I,I,I,S,I,S,S,S,I,I,S,S,S,S,S,I,S,S,S,S,I
0.06,S,I,I,I,S,I,S,S,S,S,I,S,S,S,S,S,I,S,S,S,S,I
0.04,S,I,S,I,S,I,S,S,S,S,I,S,S,S,S,S,I,S,S,S,S,I
0.00,S,I,S,S,S,I,S,S,S,S,I,S,S,S,S,S,I,S,S,S,S,I
0.59,S,I,S,S,S,S,S,S,S,S,I,S,S,S,S,S,I,S,S,S,S,I
0.11,S,I,S,S,I,S,S,S,S,S,I,S,S,S,S,S,I,S,S,S,S,I
0.16,S,I,S,S,S,S,S,S,S,S,I,S,S,S,S,S,I,S,S,S,S,I
0.05,S,I,S,S,S,S,S,S,S,S,I,S,S,S,S,S,I,S,I,S,S,I
0.16,S,I,S,S,S,S,S,S,S,S,I,S,S,S,S,S,S,S,I,S,S,I
0.02,S,I,S,S,S,S,S,S,S,S,I,S,S,S,S,S,S,S,S,S,S,I
0.02,S,I,S,S,S,S,S,S,S,S,I,S,I,S,S,S,S,S,S,S,S,I
0.14,S,I,S,S,S,S,S,S,S,S,I,S,I,S,S,S,S,S,S,I,S,I
0.19,S,I,S,S,S,I,S,S,S,S,I,S,I,S,S,S,S,S,S,I,S,I
0.09,S,I,S,S,S,S,S,S,S,S,I,S,I,S,S,S,S,S,S,I,S,I
0.13,S,I,S,S,S,S,S,S,S,S,I,S,I,S,S,S,S,S,S,S,S,I
0.04,S,I,S,S,S,S,S,S,S,S,I,S,I,S,S,S,S,S,S,S,S,S
0.23,S,I,S,S,S,S,S,S,S,S,I,S,I,S,S,S,S,S,S,S,S,I
0.01,S,I,S,S,S,S,S,S,S,S,I,S,I,S,S,S,S,I,S,S,S,I
0.20,S,I,S,S,S,S,S,S,S,I,I,S,I,S,S,S,S,I,S,S,S,I
0.12,S,I,I,S,S,S,S,S,S,I,I,S,I,S,S,S,S,I,S,S,S,I
0.03,S,I,I,S,S,S,S,S,S,I,I,S,I,S,S,S,S,S,S,S,S,I
0.12,S,I,I,S,S,S,S,S,S,I,I,S,I,I,S,S,S,S,S,S,S,I
0.11,S,I,I,S,S,S,S,S,S,I,I,S,I,I,S,S,S,I,S,S,S,I
0.00,S,I,I,S,S,I,S,S,S,I,I,S,I,I,S,S,S,I,S,S,S,I
0.06,S,S,I,S,S,I,S,S,S,I,I,S,I,I,S,S,S,I,S,S,S,I
0.06,S,S,I,S,S,I,S,S,S,I,I,S,I,S,S,S,S,I,S,S,S,I
0.00,S,S,I,S,S,I,S,S,I,I,I,S,I,S,S,S,S,I,S,S,S,I
0.00,S,S,I,S,S,I,S,S,I,I,S,S,I,S,S,S,S,I,S,S,S,I
0.08,S,S,I,S,S,I,S,S,I,S,S,S,I,S,S,S,S,I,S,S,S,I
0.02,S,S,I,S,S,I,S,S,I,S,S,S,I,S,S,I,S,I,S,S,S,I
0.04,S,S,I,S,S,I,S,S,S,S,S,S,I,S,S,I,S,I,S,S,S,I
0.13,S,S,I,S,S,I,S,S,S,S,S,S,I,S,S,I,S,S,S,S,S,I
0.02,S,S,I,S,S,I,S,S,S,S,S,S,I,S,I,I,S,S,S,S,S,I
0.20,S,S,I,S,S,I,S,S,S,S,S,S,S,S,I,I,S,S,S,S,S,I
0.11,S,S,I,S,S,I,S,S,S,S,S,S,S,S,I,I,I,S,S,S,S,I
0.03,S,S,I,S,S,I,S,S,S,S,S,S,S,S,S,I,I,S,S,S,S,I
0.04,S,S,I,S,S,I,S,S,S,S,S,S,S,S,S,I,I,S,I,S,S,I
0.12,S,S,I,S,S,I,S,S,I,S,S,S,S,S,S,I,I,S,I,S,S,I
0.10,S,S,I,S,S,I,S,S,I,S,S,S,S,S,S,S,I,S,I,S,S,I
0.01,S,I,I,S,S,I,S,S,I,S,S,S,S,S,S,S,I,S,I,S,S,I
0.00,S,I,S,S,S,I,S,S,I,S,S,S,S,S,S,S,I,S,I,S,S,I
0.02,S,I,S,S,S,I,I,S,I,S,S,S,S,S,S,S,I,S,I,S,S,I
0.04,S,I,S,S,S,I,I,S,I,S,S,S,S,S,S,S,I,S,I,S,S,S
0.09,S,I,S,S,S,I,I,S,I,S,I,S,S,S,S,S,I,S,I,S,S,S
0.03,S,I,S,S,S,I,I,S,I,S,I,I,S,S,S,S,I,S,I,S,S,S
0.30,S,I,S,S,S,I,I,S,I,S,S,I,S,S,S,S,I,S,I,S,S,S
0.08,S,S,S,S,S,I,I,S,I,S,S,I,S,S,S,S,I,S,I,S,S,S
0.04,S,S,S,S,S,I,I,S,I,S,S,I,S,S,S,S,I,S,I,S,I,S
0.01,S,S,S,S,S,I,I,S,I,S,S,I,S,S,S,S,I,S,I,S,S,S
0.04,S,S,S,S,S,I,I,S,I,S,S,I,S,S,S,S,S,S,I,S,S,S
0.08,S,S,S,S,S,I,I,S,I,S,S,I,S,S,S,S,S,S,I,I,S,S
0.12,S,S,S,S,S,I,I,S,I,I,S,I,S,S,S,S,S,S,I,I,S,S
0.11,S,S,S,S,S,I,I,S,I,I,S,I,S,S,S,S,S,S,I,S,S,S
0.02,S,S,S,S,S,I,I,S,I,I,S,I,S,S,S,S,S,S,S,S,S,S
0.04,S,S,S,S,S,I,I,S,I,I,S,I,S,S,S,S,I,S,S,S,S,S
0.02,S,I,S,S,S,I,I,S,I,I,S,I,S,S,S,S,I,S,S,S,S,S
0.02,S,I,S,S,S,I,I,S,I,I,S,I,S,S,S,I,I,S,S,S,S,S
0.00,S,I,S,S,S,I,I,I,I,I,S,I,S,S,S,I,I,S,S,S,S,S
0.09,S,I,S,S,S,I,I,I,I,S,S,I,S,S,S,I,I,S,S,S,S,S
0.00,S,I,S,S,S,I,I,I,I,S,S,I,S,S,S,S,I,S,S,S,S,S
0.04,S,I,S,S,S,I,I,I,I,S,S,I,S,S,S,S,S,S,S,S,S,S
0.02,S,I,S,S,S,I,I,I,I,S,S,I,S,I,S,S,S,S,S,S,S,S
0.06,S,I,S,S,S,S,I,I,I,S,S,I,S,I,S,S,S,S,S,S,S,S
0.07,S,I,S,S,S,S,I,I,I,S,S,S,S,I,S,S,S,S,S,S,S,S
0.03,S,I,S,S,S,S,I,I,I,I,S,S,S,I,S,S,S,S,S,S,S,S
0.07,S,I,S,S,S,S,I,I,I,I,S,S,S,S,S,S,S,S,S,S,S,S
0.09,S,I,S,S,I,S,I,I,I,I,S,S,S,S,S,S,S,S,S,S,S,S
0.04,S,I,S,S,I,S,S,I,I,I,S,S,S,S,S,S,S,S,S,S,S,S
0.41,I,I,S,S,I,S,S,I,I,I,S,S,S,S,S,S,S,S,S,S,S,S
0.03,I,I,S,S,I,S,S,I,I,I,S,I,S,S,S,S,S,S,S,S,S,S
0.01,I,I,S,S,I,S,S,I,I,I,S,I,S,S,S,S,S,S,S,I,S,S
0.05,I,I,S,S,I,S,S,I,S,I,S,I,S,S,S,S,S,S,S,I,S,S
0.04,I,I,S,S,I,S,S,I,S,I,S,I,I,S,S,S,S,S,S,I,S,S
0.06,I,I,S,S,I,S,S,I,S,I,S,I,I,S,S,S,S,S,S,I,I,S
0.01,I,I,S,S,I,S,S,I,S,I,S,I,I,S,S,I,S,S,S,I,I,S
0.17,I,I,S,S,I,S,S,I,S,I,S,I,I,S,S,I,S,S,S,S,I,S
0.02,I,I,S,S,I,S,S,I,S,S,S,I,I,S,S,I,S,S,S,S,I,S
0.29,I,I,S,S,I,S,S,I,S,S,S,S,I,S,S,I,S,S,S,S,I,S
0.04,I,I,S,S,I,S,S,I,S,S,S,S,I,I,S,I,S,S,S,S,I,S
0.08,I,S,S,S,I,S,S,I,S,S,S,S,I,I,S,I,S,S,S,S,I,S
0.13,I,S,S,S,I,I,S,I,S,S,S,S,I,I,S,I,S,S,S,S,I,S
0.07,I,S,S,I,I,I,S,I,S,S,S,S,I,I,S,I,S,S,S,S,I,S
0.11,I,I,S,I,I,I,S,I,S,S,S,S,I,I,S,I,S,S,S,S,I,S
0.31,I,I,S,S,I,I,S,I,S,S,S,S,I,I,S,I,S,S,S,S,I,S
0.06,I,I,S,S,I,I,S,S,S,S,S,S,I,I,S,I,S,S,S,S,I,S
0.12,I,I,S,S,I,S,S,S,S,S,S,S,I,I,S,I,S,S,S,S,I,S
0.01,I,I,S,S,I,S,S,S,S,S,S,I,I,I,S,I,S,S,S,S,I,S
0.00,I,I,S,S,I,S,S,S,S,S,S,I,I,I,S,S,S,S,S,S,I,S
0.12,I,I,S,S,I,S,S,S,I,S,S,I,I,I,S,S,S,S,S,S,I,S
0.02,I,I,S,S,I,S,S,S,I,S,S,I,I,I,I,S,S,S,S,S,I,S
0.00,I,I,S,S,I,S,S,S,I,S,S,I,I,I,I,I,S,S,S,S,I,S
0.15,S,I,S,S,I,S,S,S,I,S,S,I,I,I,I,I,S,S,S,S,I,S
0.12,S,I,S,S,I,S,I,S,I,S,S,I,I,I,I,I,S,S,S,S,I,S
0.12,S,I,S,S,I,S,I,I,I,S,S,I,I,I,I,I,S,S,S,S,I,S
0.00,S,I,S,S,I,S,I,I,I,S,S,I,I,S,I,I,S,S,S,S,I,S
0.01,S,I,S,S,I,S,I,I,I,S,S,I,I,S,I,I,S,S,S,S,I,I
0.01,S,S,S,S,I,S,I,I,I,S,S,I,I,S,I,I,S,S,S,S,I,I
0.03,S,S,S,S,I,S,I,I,I,S,S,I,I,S,I,I,S,I,S,S,I,I
0.27,S,S,S,S,I,S,I,I,I,S,S,I,I,S,I,I,S,I,S,S,S,I
0.11,S,S,S,S,I,S,I,S,I,S,S,I,I,S,I,I,S,I,S,S,S,I
0.03,S,S,S,S,I,S,I,S,I,S,S,I,I,S,I,I,S,I,S,S,S,S
0.08,S,S,S,S,I,S,I,S,I,S,S,I,I,S,I,I,S,I,S,I,S,S
0.04,S,I,S,S,I,S,I,S,I,S,S,I,I,S,I,I,S,I,S,I,S,S
0.04,S,I,S,S,I,S,S,S,I,S,S,I,I,S,I,I,S,I,S,I,S,S
0.03,S,I,S,S,I,S,S,S,I,S,S,I,I,S,I,I,S,S,S,I,S,S
0.60,I,I,S,S,I,S,S,S,I,S,S,I,I,S,I,I,S,S,S,I,S,S
0.02,I,I,S,S,I,S,S,S,I,S,S,I,I,S,I,I,S,S,S,S,S,S
0.17,I,I,S,S,I,S,S,S,I,S,S,I,S,S,I,I,S,S,S,S,S,S
0.04,I,I,S,S,I,S,S,S,I,S,S,I,S,S,I,S,S,S,S,S,S,S
0.15,I,S,S,S,I,S,S,S,I,S,S,I,S,S,I,S,S,S,S,S,S,S
0.03,I,S,S,S,I,S,S,S,I,S,S,I,S,S,I,S,S,S,S,S,I,S
0.22,I,S,S,S,I,S,S,S,I,S,S,I,S,S,I,I,S,S,S,S,I,S
0.06,I,S,S,I,I,S,S,S,I,S,S,I,S,S,I,I,S,S,S,S,I,S
0.02,I,S,S,I,S,S,S,S,I,S,S,I,S,S,I,I,S,S,S,S,I,S
0.05,I,S,S,I,S,S,S,S,I,S,S,I,S,S,S,I,S,S,S,S,I,S
0.14,I,S,S,I,S,I,S,S,I,S,S,I,S,S,S,I,S,S,S,S,I,S
0.02,I,S,S,I,S,I,S,S,I,S,S,I,S,S,I,I,S,S,S,S,I,S
0.01,I,S,S,I,S,I,S,S,I,S,S,I,S,I,I,I,S,S,S,S,I,S
0.02,I,S,S,I,S,I,S,S,I,S,S,S,S,I,I,I,S,S,S,S,I,S
0.01,I,S,S,I,S,S,S,S,I,S,S,S,S,I,I,I,S,S,S,S,I,S
0.05,I,S,S,I,S,S,I,S,I,S,S,S,S,I,I,I,S,S,S,S,I,S
0.15,I,S,S,I,S,S,I,S,I,S,S,S,S,I,I,I,S,S,I,S,I,S
0.03,I,S,S,I,S,S,I,S,I,I,S,S,S,I,I,I,S,S,I,S,I,S
0.07,I,S,S,I,S,S,I,S,I,I,S,S,S,S,I,I,S,S,I,S,I,S
0.07,I,S,S,I,S,S,I,S,I,I,S,S,I,S,I,I,S,S,I,S,I,S
0.03,I,S,S,I,S,S,I,S,I,I,S,S,I,I,I,I,S,S,I,S,I,S
0.00,I,S,S,I,S,S,I,S,I,I,S,S,I,I,I,I,S,S,I,S,S,S
0.02,I,S,S,I,S,S,I,S,I,I,S,S,I,I,S,I,S,S,I,S,S,S
0.11,I,S,S,I,S,S,I,S,I,I,S,S,S,I,S,I,S,S,I,S,S,S
0.11,I,S,S,I,S,S,I,S,I,I,I,S,S,I,S,I,S,S,I,S,S,S
0.06,I,S,S,I,S,S,I,S,I,I,I,S,S,S,S,I,S,S,I,S,S,S
0.02,I,S,S,I,S,S,S,S,I,I,I,S,S,S,S,I,S,S,I,S,S,S
0.22,I,S,S,I,S,S,S,I,I,I,I,S,S,S,S,I,S,S,I,S,S,S
0.04,I,S,S,I,S,S,S,I,S,I,I,S,S,S,S,I,S,S,I,S,S,S
0.06,I,S,S,I,S,S,S,I,S,I,I,S,S,I,S,I,S,S,I,S,S,S
0.01,S,S,S,I,S,S,S,I,S,I,I,S,S,I,S,I,S,S,I,S,S,S
0.16,S,S,S,I,S,S,S,S,S,I,I,S,S,I,S,I,S,S,I,S,S,S
0.03,S,S,S,I,S,S,I,S,S,I,I,S,S,I,S,I,S,S,I,S,S,S
0.07,S,S,S,I,S,S,I,S,S,S,I,S,S,I,S,I,S,S,I,S,S,S
0.11,S,S,S,I,S,S,I,S,S,S,S,S,S,I,S,I,S,S,I,S,S,S
0.02,S,S,S,I,S,S,I,S,S,S,S,S,S,I,S,I,S,S,S,S,S,S
0.03,S,S,S,I,S,S,I,S,S,S,S,S,S,I,S,S,S,S,S,S,S,S
0.15,S,S,S,I,S,S,I,S,S,S,S,S,S,I,S,S,S,S,I,S,S,S
0.03,S,S,S,I,S,S,I,S,S,S,S,S,S,I,S,S,S,S,I,I,S,S
0.25,S,S,S,I,S,S,I,S,I,S,S,S,S,I,S,S,S,S,I,I,S,S
0.12,S,I,S,I,S,S,I,S,I,S,S,S,S,I,S,S,S,S,I,I,S,S
0.02,S,I,S,I,S,S,I,S,S,S,S,S,S,I,S,S,S,S,I,I,S,S
0.17,S,I,S,I,S,S,S,S,S,S,S,S,S,I,S,S,S,S,I,I,S,S
0.47,S,I,S,I,S,S,S,S,S,S,S,I,S,I,S,S,S,S,I,I,S,S
0.09,I,I,S,I,S,S,S,S,S,S,S,I,S,I,S,S,S,S,I,I,S,S
0.01,I,I,S,I,S,S,S,S,S,S,S,I,I,I,S,S,S,S,I,I,S,S
0.00,I,I,S,I,S,S,S,S,S,S,S,I,I,I,S,S,S,I,I,I,S,S
0.02,S,I,S,I,S,S,S,S,S,S,S,I,I,I,S,S,S,I,I,I,S,S
0.05,S,I,S,I,S,I,S,S,S,S,S,I,I,I,S,S,S,I,I,I,S,S
0.14,S,I,S,I,S,I,S,S,S,S,S,I,I,I,S,S,S,I,I,I,I,S
0.02,S,I,S,I,S,I,S,S,S,S,S,I,S,I,S,S,S,I,I,I,I,S
0.10,S,I,S,I,S,I,S,S,S,S,S,S,S,I,S,S,S,I,I,I,I,S
0.02,S,I,S,I,S,I,S,S,S,S,S,S,S,I,S,S,S,I,I,S,I,S
0.02,S,I,S,I,S,I,S,S,S,S,I,S,S,I,S,S,S,I,I,S,I,S
0.15,S,I,S,I,S,I,S,S,S,S,I,S,S,I,S,S,S,I,S,S,I,S
0.05,S,I,I,I,S,I,S,S,S,S,I,S,S,I,S,S,S,I,S,S,I,S
0.01,S,S,I,I,S,I,S,S,S,S,I,S,S,I,S,S,S,I,S,S,I,S
0.03,S,I,I,I,S,I,S,S,S,S,I,S,S,I,S,S,S,I,S,S,I,S
0.00,S,I,I,I,S,I,S,S,S,S,I,S,S,I,S,S,S,S,S,S,I,S
0.04,S,I,I,I,S,I,S,S,I,S,I,S,S,I,S,S,S,S,S,S,I,S
0.09,S,I,S,I,S,I,S,S,I,S,I,S,S,I,S,S,S,S,S,S,I,S
0.09,S,I,S,I,S,I,S,S,I,S,I,S,S,I,S,I,S,S,S,S,I,S
0.01,S,I,I,I,S,I,S,S,I,S,I,S,S,I,S,I,S,S,S,S,I,S
0.17,S,I,I,I,S,I,S,S,I,S,I,S,S,S,S,I,S,S,S,S,I,S
0.10,S,I,I,I,S,I,S,S,I,S,I,S,S,S,S,S,S,S,S,S,I,S
0.05,S,I,I,I,S,I,S,S,I,S,I,S,S,I,S,S,S,S,S,S,I,S
0.33,S,I,I,I,S,I,S,S,I,S,S,S,S,I,S,S,S,S,S,S,I,S
0.04,S,I,I,S,S,I,S,S,I,S,S,S,S,I,S,S,S,S,S,S,I,S
0.01,S,I,I,S,S,I,S,S,I,S,S,S,S,I,S,S,S,S,S,I,I,S
0.03,S,I,I,S,S,I,I,S,I,S,S,S,S,I,S,S,S,S,S,I,I,S
0.02,S,I,I,S,S,I,I,S,I,S,S,S,S,I,S,I,S,S,S,I,I,S
0.02,S,I,I,S,S,I,I,S,I,S,S,S,S,I,S,I,S,S,S,I,S,S
0.01,S,I,I,I,S,I,I,S,I,S,S,S,S,I,S,I,S,S,S,I,S,S
0.12,S,I,I,I,S,I,I,S,I,S,S,S,S,I,S,I,S,S,S,S,S,S
0.05,S,I,I,I,I,I,I,S,I,S,S,S,S,I,S,I,S,S,S,S,S,S
0.07,S,I,I,I,I,I,I,I,I,S,S,S,S,I,S,I,S,S,S,S,S,S
0.01,S,I,I,I,I,S,I,I,I,S,S,S,S,I,S,I,S,S,S,S,S,S
0.03,S,I,I,I,I,S,I,I,I,S,S,S,S,I,S,S,S,S,S,S,S,S
0.05,S,I,I,I,I,S,I,S,I,S,S,S,S,I,S,S,S,S,S,S,S,S
0.18,S,I,I,I,I,S,I,S,I,S,S,S,S,I,I,S,S,S,S,S,S,S
0.02,S,I,I,I,I,S,I,S,I,S,S,S,S,I,I,S,S,I,S,S,S,S
0.09,S,I,I,I,S,S,I,S,I,S,S,S,S,I,I,S,S,I,S,S,S,S
0.12,S,I,I,I,I,S,I,S,I,S,S,S,S,I,I,S,S,I,S,S,S,S
0.01,S,I,I,I,I,S,S,S,I,S,S,S,S,I,I,S,S,I,S,S,S,S
0.02,S,I,I,I,I,S,S,S,I,S,S,S,S,S,I,S,S,I,S,S,S,S
0.05,S,I,I,I,I,S,S,S,I,S,S,S,S,S,I,S,S,I,S,S,I,S
0.10,S,I,I,I,I,S,S,S,I,S,S,S,S,S,S,S,S,I,S,S,I,S
0.11,S,I,I,I,I,S,S,S,I,S,S,S,S,S,S,S,S,S,S,S,I,S
0.02,S,I,I,I,I,S,S,S,S,S,S,S,S,S,S,S,S,S,S,S,I,S
0.03,S,I,I,I,I,S,I,S,S,S,S,S,S,S,S,S,S,S,S,S,I,S
0.11,S,I,I,I,I,S,I,S,S,S,S,S,S,S,S,S,S,S,S,I,I,S
0.06,S,I,I,I,I,S,I,S,S,S,S,S,S,S,S,S,S,S,S,I,S,S
0.10,I,I,I,I,I,S,I,S,S,S,S,S,S,S,S,S,S,S,S,I,S,S
0.02,I,I,I,I,I,S,I,S,S,S,S,I,S,S,S,S,S,S,S,I,S,S
0.25,I,I,I,I,I,S,I,S,S,S,S,S,S,S,S,S,S,S,S,I,S,S
0.02,I,I,I,I,I,S,I,S,S,S,S,S,I,S,S,S,S,S,S,I,S,S
0.04,I,I,I,I,I,S,I,S,S,S,S,S,I,S,S,S,S,I,S,I,S,S
0.03,I,I,S,I,I,S,I,S,S,S,S,S,I,S,S,S,S,I,S,I,S,S
0.05,I,I,S,I,I,S,I,S,S,S,S,S,S,S,S,S,S,I,S,I,S,S
0.04,I,I,S,I,I,S,I,S,S,S,S,S,S,S,S,S,S,I,S,I,S,I
0.03,I,I,S,I,I,S,I,S,S,S,S,S,S,S,S,S,S,I,S,I,S,S
0.03,I,I,S,S,I,S,I,S,S,S,S,S,S,S,S,S,S,I,S,I,S,S
0.25,I,I,S,S,I,S,I,S,S,S,I,S,S,S,S,S,S,I,S,I,S,S
0.13,I,I,S,S,I,S,I,S,S,S,S,S,S,S,S,S,S,I,S,I,S,S
0.04,I,I,S,S,I,S,I,S,S,S,S,S,S,I,S,S,S,I,S,I,S,S
0.01,I,S,S,S,I,S,I,S,S,S,S,S,S,I,S,S,S,I,S,I,S,S
0.06,S,S,S,S,I,S,I,S,S,S,S,S,S,I,S,S,S,I,S,I,S,S
0.04,S,S,S,I,I,S,I,S,S,S,S,S,S,I,S,S,S,I,S,I,S,S
0.06,S,S,S,I,I,S,I,S,S,S,S,S,S,I,S,S,S,S,S,I,S,S
0.05,S,S,I,I,I,S,I,S,S,S,S,S,S,I,S,S,S,S,S,I,S,S
0.03,S,S,S,I,I,S,I,S,S,S,S,S,S,I,S,S,S,S,S,I,S,S
0.04,S,S,S,I,I,S,I,S,S,S,S,S,S,I,S,S,S,S,S,S,S,S
0.05,S,S,S,I,I,S,I,S,I,S,S,S,S,I,S,S,S,S,S,S,S,S
0.04,S,S,S,I,I,S,I,S,I,S,S,S,S,I,S,I,S,S,S,S,S,S
0.00,S,S,S,I,I,S,I,S,I,I,S,S,S,I,S,I,S,S,S,S,S,S
0.29,S,S,S,I,I,S,I,S,I,I,S,S,S,I,S,I,S,S,I,S,S,S
0.05,S,S,S,I,I,S,I,I,I,I,S,S,S,I,S,I,S,S,I,S,S,S
0.02,S,S,I,I,I,S,I,I,I,I,S,S,S,I,S,I,S,S,I,S,S,S
0.04,S,S,I,I,I,S,I,I,I,I,S,S,S,I,S,I,S,S,S,S,S,S
0.02,S,S,I,I,I,S,I,I,I,I,S,I,S,I,S,I,S,S,S,S,S,S
0.05,S,S,I,I,I,S,I,I,I,I,S,I,S,I,S,I,S,S,S,S,I,S
0.15,I,S,I,I,I,S,I,I,I,I,S,I,S,I,S,I,S,S,S,S,I,S
0.01,I,S,I,I,I,S,I,I,I,I,S,I,S,I,S,I,S,S,I,S,I,S
0.04,I,S,I,S,I,S,I,I,I,I,S,I,S,I,S,I,S,S,I,S,I,S
0.00,I,S,I,S,I,S,I,I,I,I,S,I,S,I,S,S,S,S,I,S,I,S
0.03,I,S,I,S,I,S,I,I,I,I,S,I,S,S,S,S,S,S,I,S,I,S
0.02,I,S,I,S,I,S,I,I,I,I,S,I,S,S,S,S,S,S,I,S,S,S
0.01,I,S,I,S,I,S,I,I,I,I,I,I,S,S,S,S,S,S,I,S,S,S
0.03,I,S,I,S,I,S,S,I,I,I,I,I,S,S,S,S,S,S,I,S,S,S
0.06,I,S,I,S,I,S,S,I,I,I,I,I,S,S,S,S,S,S,S,S,S,S
0.10,I,S,S,S,I,S,S,I,I,I,I,I,S,S,S,S,S,S,S,S,S,S
0.06,I,S,S,S,I,S,S,I,I,I,I,S,S,S,S,S,S,S,S,S,S,S
0.01,I,S,S,S,I,S,S,I,I,I,I,S,S,S,S,S,S,S,S,S,I,S
0.16,I,S,S,S,I,S,S,I,I,I,I,S,S,S,S,S,S,I,S,S,I,S
0.10,I,S,S,S,I,S,S,I,I,I,I,S,S,S,S,S,S,I,S,S,S,S
0.08,I,S,S,S,I,S,S,S,I,I,I,S,S,S,S,S,S,I,S,S,S,S
0.13,I,S,S,S,I,S,I,S,I,I,I,S,S,S,S,S,S,I,S,S,S,S
0.03,S,S,S,S,I,S,I,S,I,I,I,S,S,S,S,S,S,I,S,S,S,S
0.39,S,S,S,S,I,S,I,S,S,I,I,S,S,S,S,S,S,I,S,S,S,S
0.06,S,S,S,S,I,S,I,S,S,I,I,S,S,S,S,I,S,I,S,S,S,S
0.19,S,S,S,S,I,S,I,S,S,I,I,S,S,S,S,I,S,I,S,I,S,S
0.08,S,S,S,S,I,S,I,S,S,I,I,S,S,S,S,I,S,I,S,I,S,I
0.18,S,S,S,S,I,S,I,S,S,I,I,S,S,S,S,S,S,I,S,I,S,I
0.00,S,S,S,S,I,S,I,S,S,I,S,S,S,S,S,S,S,I,S,I,S,I
0.12,S,S,S,S,I,I,I,S,S,I,S,S,S,S,S,S,S,I,S,I,S,I
0.01,S,S,S,S,I,S,I,S,S,I,S,S,S,S,S,S,S,I,S,I,S,I
0.04,S,S,S,S,I,I,I,S,S,I,S,S,S,S,S,S,S,I,S,I,S,I
0.08,S,S,S,S,I,I,I,S,S,I,S,S,S,S,S,I,S,I,S,I,S,I
0.01,S,S,S,I,I,I,I,S,S,I,S,S,S,S,S,I,S,I,S,I,S,I
0.21,S,S,S,I,I,I,I,S,S,I,S,S,S,S,S,I,S,I,S,S,S,I
0.01,S,S,S,S,I,I,I,S,S,I,S,S,S,S,S,I,S,I,S,S,S,I
0.15,S,S,S,S,I,I,I,S,S,S,S,S,S,S,S,I,S,I,S,S,S,I
0.01,I,S,S,S,I,I,I,S,S,S,S,S,S,S,S,I,S,I,S,S,S,I
0.00,I,I,S,S,I,I,I,S,S,S,S,S,S,S,S,I,S,I,S,S,S,I
0.22,I,I,S,S,I,I,I,S,S,S,S,I,S,S,S,I,S,I,S,S,S,I
0.08,I,I,S,S,I,I,I,I,S,S,S,I,S,S,S,I,S,I,S,S,S,I
0.08,I,I,S,S,I,I,I,S,S,S,S,I,S,S,S,I,S,I,S,S,S,I
0.03,I,I,S,S,I,I,I,S,S,S,S,I,S,S,S,S,S,I,S,S,S,I
0.13,S,I,S,S,I,I,I,S,S,S,S,I,S,S,S,S,S,I,S,S,S,I
0.06,S,I,S,S,I,I,I,S,S,S,S,I,S,S,S,I,S,I,S,S,S,I
0.05,S,I,S,S,I,I,I,S,S,S,S,I,S,S,S,I,S,I,I,S,S,I
0.01,S,I,S,S,I,I,I,S,S,S,S,I,S,S,S,I,S,I,S,S,S,I
0.01,S,I,S,S,I,I,I,S,S,S,S,I,S,S,S,I,S,I,S,S,S,S
0.20,S,I,S,S,I,I,I,S,S,S,S,S,S,S,S,I,S,I,S,S,S,S
0.10,I,I,S,S,I,I,I,S,S,S,S,S,S,S,S,I,S,I,S,S,S,S
0.04,I,I,S,S,I,I,I,S,S,S,S,S,I,S,S,I,S,I,S,S,S,S
0.08,I,S,S,S,I,I,I,S,S,S,S,S,I,S,S,I,S,I,S,S,S,S
0.12,I,S,S,S,I,I,I,S,S,S,S,S,I,S,S,I,S,I,S,S,I,S
0.04,I,I,S,S,I,I,I,S,S,S,S,S,I,S,S,I,S,I,S,S,I,S
0.12,I,I,S,S,I,I,I,S,S,S,I,S,I,S,S,I,S,I,S,S,I,S
0.02,I,I,S,S,I,I,I,S,S,S,I,I,I,S,S,I,S,I,S,S,I,S
0.18,I,I,I,S,I,I,I,S,S,S,I,I,I,S,S,I,S,I,S,S,I,S
0.14,I,I,I,S,I,I,I,S,S,S,I,I,I,S,S,S,S,I,S,S,I,S
0.01,I,I,I,S,I,I,I,S,S,S,I,I,I,S,S,S,S,I,I,S,I,S
0.03,I,I,I,S,S,I,I,S,S,S,I,I,I,S,S,S,S,I,I,S,I,S
0.02,I,I,I,S,S,I,I,S,S,S,S,I,I,S,S,S,S,I,I,S,I,S
0.05,S,I,I,S,S,I,I,S,S,S,S,I,I,S,S,S,S,I,I,S,I,S
0.04,I,I,I,S,S,I,I,S,S,S,S,I,I,S,S,S,S,I,I,S,I,S
0.35,S,I,I,S,S,I,I,S,S,S,S,I,I,S,S,S,S,I,I,S,I,S
0.03,S,I,I,S,S,I,I,S,S,S,S,I,I,S,S,S,S,I,I,S,S,S
0.04,S,S,I,S,S,I,I,S,S,S,S,I,I,S,S,S,S,I,I,S,S,S
0.06,S,S,I,S,S,I,I,S,S,S,S,I,I,S,S,S,S,I,S,S,S,S
0.07,S,S,I,S,S,I,I,S,S,S,S,I,I,S,S,S,S,I,S,I,S,S
0.12,S,S,I,S,S,I,I,S,S,S,S,I,I,S,S,S,S,I,S,I,S,I
0.18,S,S,S,S,S,I,I,S,S,S,S,I,I,S,S,S,S,I,S,I,S,I
0.03,S,S,S,S,S,I,I,S,S,S,S,I,I,S,S,S,S,I,S,I,S,S
0.03,S,S,S,S,S,I,I,S,S,I,S,I,I,S,S,S,S,I,S,I,S,S
0.01,S,S,S,S,I,I,I,S,S,I,S,I,I,S,S,S,S,I,S,I,S,S
0.03,S,S,S,I,I,I,I,S,S,I,S,I,I,S,S,S,S,I,S,I,S,S
0.20,S,S,I,I,I,I,I,S,S,I,S,I,I,S,S,S,S,I,S,I,S,S
0.07,S,I,I,I,I,I,I,S,S,I,S,I,I,S,S,S,S,I,S,I,S,S
0.03,S,I,I,I,I,I,I,S,S,I,S,I,I,S,S,S,S,I,S,S,S,S
0.00,S,I,I,I,I,I,I,S,S,I,S,S,I,S,S,S,S,I,S,S,S,S
0.04,S,I,I,I,I,I,I,S,S,I,S,S,I,S,I,S,S,I,S,S,S,S
0.04,S,I,I,I,I,S,I,S,S,I,S,S,I,S,I,S,S,I,S,S,S,S
0.16,S,I,I,I,S,S,I,S,S,I,S,S,I,S,I,S,S,I,S,S,S,S
0.04,S,I,I,I,S,S,I,S,S,I,S,S,I,S,S,S,S,I,S,S,S,S
0.20,S,I,I,I,S,S,I,S,I,I,S,S,I,S,S,S,S,I,S,S,S,S
0.19,S,S,I,I,S,S,I,S,I,I,S,S,I,S,S,S,S,I,S,S,S,S
0.05,S,S,I,I,S,S,I,S,I,I,I,S,I,S,S,S,S,I,S,S,S,S
0.17,S,S,I,I,S,I,I,S,I,I,I,S,I,S,S,S,S,I,S,S,S,S
0.03,S,S,I,I,S,I,I,S,I,I,I,S,I,S,S,S,S,I,S,I,S,S
0.00,S,S,I,I,S,I,I,I,I,I,I,S,I,S,S,S,S,I,S,I,S,S
0.13,S,S,I,I,S,I,I,I,I,I,I,S,I,S,S,S,S,I,S,S,S,S
0.12,S,S,I,I,S,S,I,I,I,I,I,S,I,S,S,S,S,I,S,S,S,S
0.05,S,S,S,I,S,S,I,I,I,I,I,S,I,S,S,S,S,I,S,S,S,S
0.09,S,S,S,I,S,S,I,I,I,I,I,S,I,S,S,S,S,S,S,S,S,S
0.11,S,I,S,I,S,S,I,I,I,I,I,S,I,S,S,S,S,S,S,S,S,S
0.03,I,I,S,I,S,S,I,I,I,I,I,S,I,S,S,S,S,S,S,S,S,S
0.01,I,I,S,I,S,S,I,I,I,I,I,S,I,S,S,S,S,S,S,I,S,S
0.27,I,I,S,I,S,S,I,S,I,I,I,S,I,S,S,S,S,S,S,I,S,S
0.03,I,I,S,I,S,S,I,S,I,I,I,S,I,S,S,S,S,S,S,I,I,S
0.01,I,I,S,I,S,S,I,S,I,I,I,S,I,S,S,S,S,I,S,I,I,S
0.00,I,I,S,I,S,S,I,S,I,I,I,S,I,S,S,S,S,I,S,I,I,I
0.21,I,I,S,I,S,S,I,S,I,I,I,S,S,S,S,S,S,I,S,I,I,I
0.01,I,I,S,I,S,S,I,S,I,I,I,S,S,S,S,S,S,I,S,I,I,S
0.02,I,I,S,I,S,S,I,S,I,S,I,S,S,S,S,S,S,I,S,I,I,S
0.01,I,I,S,I,S,S,S,S,I,S,I,S,S,S,S,S,S,I,S,I,I,S
0.02,I,I,S,S,S,S,S,S,I,S,I,S,S,S,S,S,S,I,S,I,I,S
0.11,I,I,S,S,I,S,S,S,I,S,I,S,S,S,S,S,S,I,S,I,I,S
0.39,I,I,S,S,I,S,S,S,I,S,I,S,S,S,S,S,S,I,I,I,I,S
0.08,I,I,S,S,I,I,S,S,I,S,I,S,S,S,S,S,S,I,I,I,I,S
0.16,I,I,S,I,I,I,S,S,I,S,I,S,S,S,S,S,S,I,I,I,I,S
0.07,I,I,S,I,I,I,S,S,I,S,I,S,S,S,S,S,S,I,S,I,I,S
0.12,I,I,S,I,I,I,S,S,S,S,I,S,S,S,S,S,S,I,S,I,I,S
0.06,I,I,S,I,I,I,S,S,S,S,I,S,S,S,S,S,S,I,S,I,S,S
0.05,I,I,S,I,I,I,S,S,S,S,I,I,S,S,S,S,S,I,S,I,S,S
0.02,I,I,S,I,I,I,S,S,I,S,I,I,S,S,S,S,S,I,S,I,S,S
0.04,S,I,S,I,I,I,S,S,I,S,I,I,S,S,S,S,S,I,S,I,S,S
0.06,S,S,S,I,I,I,S,S,I,S,I,I,S,S,S,S,S,I,S,I,S,S
0.07,S,S,I,I,I,I,S,S,I,S,I,I,S,S,S,S,S,I,S,I,S,S
0.25,S,S,I,I,I,I,S,S,I,S,I,I,S,S,S,S,S,I,S,I,I,S
0.15,S,S,I,I,S,I,S,S,I,S,I,I,S,S,S,S,S,I,S,I,I,S
0.08,S,S,I,I,S,I,S,S,S,S,I,I,S,S,S,S,S,I,S,I,I,S
0.11,S,S,I,I,S,I,S,S,S,S,I,I,I,S,S,S,S,I,S,I,I,S
0.03,S,S,I,I,S,I,S,S,S,S,S,I,I,S,S,S,S,I,S,I,I,S
0.05,S,S,I,I,S,I,S,S,S,S,S,I,I,S,S,S,S,S,S,I,I,S
0.19,S,S,I,I,S,I,I,S,S,S,S,I,I,S,S,S,S,S,S,I,I,S
0.21,S,S,I,I,S,I,I,S,S,S,S,I,I,S,S,S,S,I,S,I,I,S
0.10,S,I,I,I,S,I,I,S,S,S,S,I,I,S,S,S,S,I,S,I,I,S
0.04,S,I,I,I,S,I,S,S,S,S,S,I,I,S,S,S,S,I,S,I,I,S
0.01,S,I,I,I,S,I,S,S,S,I,S,I,I,S,S,S,S,I,S,I,I,S
0.02,S,I,I,I,S,I,S,S,S,I,S,I,I,S,I,S,S,I,S,I,I,S
0.19,S,I,I,I,S,I,S,S,S,I,S,I,I,S,I,S,S,I,S,I,S,S
0.02,S,S,I,I,S,I,S,S,S,I,S,I,I,S,I,S,S,I,S,I,S,S
0.01,S,S,I,I,S,I,S,S,S,I,S,I,I,S,I,S,S,I,S,S,S,S
0.06,S,S,I,I,S,I,S,S,S,I,I,I,I,S,I,S,S,I,S,S,S,S
0.02,S,S,I,I,S,I,S,S,S,I,I,I,I,S,I,S,S,I,S,S,S,I
0.02,S,S,I,I,S,I,S,S,S,I,I,I,I,S,S,S,S,I,S,S,S,I
0.32,S,S,I,I,S,I,S,S,S,I,I,I,S,S,S,S,S,I,S,S,S,I
0.06,S,I,I,I,S,I,S,S,S,I,I,I,S,S,S,S,S,I,S,S,S,I
0.02,I,I,I,I,S,I,S,S,S,I,I,I,S,S,S,S,S,I,S,S,S,I
0.01,S,I,I,I,S,I,S,S,S,I,I,I,S,S,S,S,S,I,S,S,S,I
0.00,S,I,I,I,S,I,S,S,S,I,I,I,S,I,S,S,S,I,S,S,S,I
0.02,S,I,S,I,S,I,S,S,S,I,I,I,S,I,S,S,S,I,S,S,S,I
0.20,S,I,S,S,S,I,S,S,S,I,I,I,S,I,S,S,S,I,S,S,S,I
0.15,S,I,I,S,S,I,S,S,S,I,I,I,S,I,S,S,S,I,S,S,S,I
0.08,S,I,I,S,S,S,S,S,S,I,I,I,S,I,S,S,S,I,S,S,S,I
0.03,S,I,I,S,S,S,S,S,S,I,S,I,S,I,S,S,S,I,S,S,S,I
0.02,S,I,I,S,S,S,S,S,S,I,S,I,S,I,S,S,S,I,S,S,I,I
0.04,S,I,I,S,S,S,S,S,S,I,S,I,S,I,I,S,S,I,S,S,I,I
0.46,S,I,I,S,S,S,S,S,S,I,S,I,S,I,S,S,S,I,S,S,I,I
0.24,S,I,I,S,S,S,S,S,S,I,I,I,S,I,S,S,S,I,S,S,I,I
0.08,S,I,I,S,S,S,S,S,S,I,I,S,S,I,S,S,S,I,S,S,I,I
0.01,S,I,S,S,S,S,S,S,S,I,I,S,S,I,S,S,S,I,S,S,I,I
0.20,S,I,S,S,S,S,I,S,S,I,I,S,S,I,S,S,S,I,S,S,I,I
0.16,S,I,S,S,S,S,I,S,S,I,S,S,S,I,S,S,S,I,S,S,I,I
0.03,S,I,S,S,S,S,S,S,S,I,S,S,S,I,S,S,S,I,S,S,I,I
0.02,S,S,S,S,S,S,S,S,S,I,S,S,S,I,S,S,S,I,S,S,I,I
0.17,S,S,S,S,S,S,S,S,S,I,S,S,S,I,S,I,S,I,S,S,I,I
0.05,S,S,S,S,S,S,S,S,S,I,S,S,I,I,S,I,S,I,S,S,I,I
0.04,S,S,S,S,S,S,S,S,S,I,S,S,S,I,S,I,S,I,S,S,I,I
0.04,S,S,S,S,S,S,S,S,S,I,I,S,S,I,S,I,S,I,S,S,I,I
0.06,S,S,S,S,S,S,S,S,S,I,I,S,S,I,S,S,S,I,S,S,I,I
0.05,S,S,I,S,S,S,S,S,S,I,I,S,S,I,S,S,S,I,S,S,I,I
0.01,S,S,I,S,S,S,S,I,S,I,I,S,S,I,S,S,S,I,S,S,I,I
0.06,S,S,I,S,S,S,S,S,S,I,I,S,S,I,S,S,S,I,S,S,I,I
0.05,S,S,I,S,S,S,S,S,S,I,I,S,S,I,S,S,S,I,S,I,I,I
0.07,S,S,I,S,S,S,S,S,S,I,I,S,S,I,S,S,S,I,S,S,I,I
0.03,S,S,I,S,S,I,S,S,S,I,I,S,S,I,S,S,S,I,S,S,I,I
0.03,S,S,I,S,S,I,S,S,S,I,I,S,I,I,S,S,S,I,S,S,I,I
0.06,S,S,I,S,S,I,S,S,S,I,I,S,I,I,S,S,S,I,S,S,I,S
0.10,S,S,I,S,S,I,S,I,S,I,I,S,I,I,S,S,S,I,S,S,I,S
0.00,S,S,I,S,S,I,S,I,S,I,I,S,I,S,S,S,S,I,S,S,I,S
0.04,S,S,I,S,S,I,S,I,S,I,I,S,I,S,S,S,S,I,S,I,I,S
0.03,S,S,I,S,S,I,S,I,S,I,I,S,I,S,S,S,S,I,S,I,I,I
0.06,S,S,I,S,S,I,S,I,S,I,I,S,I,S,S,S,S,I,S,I,S,I
0.14,S,S,I,S,S,I,S,I,S,I,I,S,I,S,S,S,I,I,S,I,S,I
0.07,S,S,I,S,S,I,S,I,S,I,S,S,I,S,S,S,I,I,S,I,S,I
0.01,S,S,I,S,S,I,S,I,S,I,S,S,I,S,S,I,I,I,S,I,S,I
0.02,S,S,I,S,S,I,S,I,S,I,S,S,I,S,S,I,I,S,S,I,S,I
0.18,S,S,I,S,S,I,S,S,S,I,S,S,I,S,S,I,I,S,S,I,S,I
0.03,S,S,I,S,S,I,S,S,S,S,S,S,I,S,S,I,I,S,S,I,S,I
0.04,I,S,I,S,S,I,S,S,S,S,S,S,I,S,S,I,I,S,S,I,S,I
0.02,I,S,I,S,S,I,S,S,S,S,S,S,S,S,S,I,I,S,S,I,S,I
0.01,I,S,I,S,S,I,S,S,S,S,S,S,S,S,S,I,I,S,S,I,S,S
0.04,I,S,I,S,S,I,S,S,S,S,S,S,S,S,S,I,I,I,S,I,S,S
0.03,S,S,I,S,S,I,S,S,S,S,S,S,S,S,S,I,I,I,S,I,S,S
0.01,S,S,I,S,S,I,S,S,S,S,S,S,S,S,S,I,I,I,S,S,S,S
0.11,S,S,I,I,S,I,S,S,S,S,S,S,S,S,S,I,I,I,S,S,S,S
0.05,S,S,I,I,S,I,S,S,S,S,S,S,S,S,S,S,I,I,S,S,S,S
0.09,S,S,I,S,S,I,S,S,S,S,S,S,S,S,S,S,I,I,S,S,S,S
0.00,S,S,I,S,S,I,S,I,S,S,S,S,S,S,S,S,I,I,S,S,S,S
0.03,S,S,I,S,S,I,S,I,S,I,S,S,S,S,S,S,I,I,S,S,S,S
0.13,S,S,I,S,S,I,S,I,S,I,S,S,S,S,S,I,I,I,S,S,S,S
0.04,S,S,I,S,S,I,S,I,S,I,S,S,I,S,S,I,I,I,S,S,S,S
0.02,I,S,I,S,S,I,S,I,S,I,S,S,I,S,S,I,I,I,S,S,S,S
0.04,S,S,I,S,S,I,S,I,S,I,S,S,I,S,S,I,I,I,S,S,S,S
0.09,S,S,I,S,I,I,S,I,S,I,S,S,I,S,S,I,I,I,S,S,S,S
0.04,I,S,I,S,I,I,S,I,S,I,S,S,I,S,S,I,I,I,S,S,S,S
0.05,I,S,I,S,I,I,S,I,S,I,S,S,I,S,S,S,I,I,S,S,S,S
0.02,I,S,S,S,I,I,S,I,S,I,S,S,I,S,S,S,I,I,S,S,S,S
0.09,I,S,S,S,I,I,S,S,S,I,S,S,I,S,S,S,I,I,S,S,S,S
0.11,I,S,S,S,S,I,S,S,S,I,S,S,I,S,S,S,I,I,S,S,S,S
0.02,I,S,S,S,S,I,S,S,S,S,S,S,I,S,S,S,I,I,S,S,S,S
0.10,S,S,S,S,S,I,S,S,S,S,S,S,I,S,S,S,I,I,S,S,S,S
0.27,S,S,S,S,S,I,S,S,S,S,S,S,I,S,S,S,I,I,S,S,I,S
0.09,S,S,S,S,S,I,S,S,S,S,S,S,I,S,S,S,I,S,S,S,I,S
0.01,S,S,S,S,S,I,S,S,S,S,S,S,I,S,S,I,I,S,S,S,I,S
0.08,S,S,S,S,S,I,S,S,S,S,S,S,S,S,S,I,I,S,S,S,I,S
0.16,S,S,S,S,S,I,S,S,S,S,S,S,S,S,S,I,I,S,S,I,I,S
0.10,S,S,S,S,S,I,S,S,S,S,S,S,S,S,S,I,I,S,S,I,S,S
0.01,S,S,S,S,S,I,I,S,S,S,S,S,S,S,S,I,I,S,S,I,S,S
0.11,S,S,S,S,S,I,S,S,S,S,S,S,S,S,S,I,I,S,S,I,S,S
0.08,S,S,S,S,S,I,S,S,S,S,S,S,S,S,S,I,S,S,S,I,S,S
0.10,S,S,S,S,S,I,S,S,S,S,S,S,S,S,S,I,S,S,S,I,I,S
0.02,S,S,S,S,S,I,S,S,S,S,S,S,S,S,S,I,I,S,S,I,I,S
0.10,S,S,S,S,S,I,S,S,S,S,S,S,I,S,S,I,I,S,S,I,I,S
0.02,S,S,S,S,S,I,S,S,S,S,I,S,I,S,S,I,I,S,S,I,I,S
0.06,S,S,S,S,S,I,S,S,S,S,I,S,I,S,S,I,I,S,S,I,S,S
0.07,S,S,S,S,S,I,S,S,S,S,I,S,I,S,S,I,I,S,S,S,S,S
0.02,S,S,S,S,S,I,S,S,S,S,I,S,I,S,I,I,I,S,S,S,S,S
0.06,S,S,S,S,S,I,S,S,S,S,I,S,I,S,I,S,I,S,S,S,S,S
0.02,S,S,S,S,S,I,S,S,S,S,I,S,I,S,I,S,S,S,S,S,S,S
0.00,S,S,S,S,S,I,S,S,S,S,I,S,I,S,I,I,S,S,S,S,S,S
0.03,S,S,S,S,S,I,S,S,S,I,I,S,I,S,I,I,S,S,S,S,S,S
0.04,S,S,S,S,S,I,S,S,S,I,I,S,S,S,I,I,S,S,S,S,S,S
0.00,S,S,S,S,S,I,S,S,S,I,I,S,S,S,I,S,S,S,S,S,S,S
0.10,S,S,S,I,S,I,S,S,S,I,I,S,S,S,I,S,S,S,S,S,S,S
0.00,S,S,S,I,S,S,S,S,S,I,I,S,S,S,I,S,S,S,S,S,S,S
0.19,S,S,S,I,S,S,S,S,S,S,I,S,S,S,I,S,S,S,S,S,S,S
0.17,S,S,S,I,S,S,S,S,S,S,I,S,S,I,I,S,S,S,S,S,S,S
0.05,S,S,S,I,S,S,I,S,S,S,I,S,S,I,I,S,S,S,S,S,S,S
0.08,S,S,S,I,S,I,I,S,S,S,I,S,S,I,I,S,S,S,S,S,S,S
0.05,S,S,S,I,S,I,I,I,S,S,I,S,S,I,I,S,S,S,S,S,S,S
0.12,S,S,S,I,S,I,I,I,S,S,I,S,S,I,I,S,S,S,S,S,S,I
0.03,S,S,S,I,S,I,I,I,S,S,I,S,S,I,I,I,S,S,S,S,S,I
0.04,S,S,S,I,S,I,I,I,S,S,I,S,S,S,I,I,S,S,S,S,S,I
0.07,S,S,S,I,S,S,I,I,S,S,I,S,S,S,I,I,S,S,S,S,S,I
0.08,S,S,S,I,S,S,I,I,S,S,I,S,S,S,I,I,S,S,S,S,S,S
0.08,S,S,S,I,S,I,I,I,S,S,I,S,S,S,I,I,S,S,S,S,S,S
0.03,S,S,S,I,S,S,I,I,S,S,I,S,S,S,I,I,S,S,S,S,S,S
0.01,S,S,S,I,S,I,I,I,S,S,I,S,S,S,I,I,S,S,S,S,S,S
0.03,S,S,S,I,S,I,I,I,S,S,I,S,S,I,I,I,S,S,S,S,S,S
0.01,S,S,S,I,S,I,I,I,S,S,S,S,S,I,I,I,S,S,S,S,S,S
0.11,S,S,S,S,S,I,I,I,S,S,S,S,S,I,I,I,S,S,S,S,S,S
0.15,S,S,S,S,S,I,I,I,S,S,S,S,S,I,I,I,S,S,S,S,S,I
0.20,S,S,S,S,S,I,I,S,S,S,S,S,S,I,I,I,S,S,S,S,S,I
0.08,S,S,S,S,S,I,I,S,I,S,S,S,S,I,I,I,S,S,S,S,S,I
0.02,S,S,S,I,S,I,I,S,I,S,S,S,S,I,I,I,S,S,S,S,S,I
0.02,S,S,S,I,S,I,I,S,I,S,S,S,S,I,S,I,S,S,S,S,S,I
0.04,S,S,S,S,S,I,I,S,I,S,S,S,S,I,S,I,S,S,S,S,S,I
0.05,S,I,S,S,S,I,I,S,I,S,S,S,S,I,S,I,S,S,S,S,S,I
0.19,S,I,S,S,S,I,I,S,I,S,S,S,S,I,I,I,S,S,S,S,S,I
0.02,S,I,S,S,S,I,I,S,I,S,S,S,S,S,I,I,S,S,S,S,S,I
0.01,S,I,S,S,S,I,I,S,I,S,S,S,I,S,I,I,S,S,S,S,S,I
0.31,S,I,I,S,S,I,I,S,I,S,S,S,I,S,I,I,S,S,S,S,S,I
0.03,S,I,I,I,S,I,I,S,I,S,S,S,I,S,I,I,S,S,S,S,S,I
0.05,S,I,S,I,S,I,I,S,I,S,S,S,I,S,I,I,S,S,S,S,S,I
0.04,S,I,S,I,S,I,I,S,I,I,S,S,I,S,I,I,S,S,S,S,S,I
0.03,S,I,S,I,S,I,I,S,I,I,S,S,I,S,S,I,S,S,S,S,S,I
0.07,S,I,S,I,S,I,I,S,I,S,S,S,I,S,S,I,S,S,S,S,S,I
0.04,S,I,S,I,S,I,I,S,I,S,S,S,I,S,S,I,I,S,S,S,S,I
0.01,S,I,S,I,S,I,I,I,I,S,S,S,I,S,S,I,I,S,S,S,S,I
0.02,I,I,S,I,S,I,I,I,I,S,S,S,I,S,S,I,I,S,S,S,S,I
0.08,I,I,S,I,S,I,I,I,I,S,S,S,I,S,S,I,I,I,S,S,S,I
0.04,S,I,S,I,S,I,I,I,I,S,S,S,I,S,S,I,I,I,S,S,S,I
0.03,S,I,S,S,S,I,I,I,I,S,S,S,I,S,S,I,I,I,S,S,S,I
0.06,S,I,S,S,S,I,I,S,I,S,S,S,I,S,S,I,I,I,S,S,S,I
0.06,S,S,S,S,S,I,I,S,I,S,S,S,I,S,S,I,I,I,S,S,S,I
0.01,S,S,S,S,S,I,I,S,I,I,S,S,I,S,S,I,I,I,S,S,S,I
0.15,S,S,S,S,S,I,I,S,I,I,S,S,I,S,S,I,S,I,S,S,S,I
0.06,S,S,I,S,S,I,I,S,I,I,S,S,I,S,S,I,S,I,S,S,S,I
0.03,S,S,I,S,S,I,I,S,I,I,S,S,I,S,S,I,I,I,S,S,S,I
0.07,S,S,I,S,S,I,I,S,I,I,S,S,I,I,S,I,I,I,S,S,S,I
0.09,S,S,I,S,S,I,I,S,I,I,S,S,I,I,S,I,I,I,I,S,S,I
0.03,S,S,S,S,S,I,I,S,I,I,S,S,I,I,S,I,I,I,I,S,S,I
0.04,S,S,S,S,S,S,I,S,I,I,S,S,I,I,S,I,I,I,I,S,S,I
0.06,S,S,S,S,S,S,I,S,I,I,S,S,I,S,S,I,I,I,I,S,S,I
0.02,S,S,S,S,S,S,I,S,I,I,S,S,I,I,S,I,I,I,I,S,S,I
0.02,I,S,S,S,S,S,I,S,I,I,S,S,I,I,S,I,I,I,I,S,S,I
0.00,I,S,S,S,S,S,I,S,I,I,I,S,I,I,S,I,I,I,I,S,S,I
0.02,I,S,S,S,S,S,I,S,I,S,I,S,I,I,S,I,I,I,I,S,S,I
0.10,I,S,S,S,S,S,I,S,I,S,I,S,I,I,S,I,I,I,I,S,I,I
0.00,I,S,S,S,S,S,I,S,S,S,I,S,I,I,S,I,I,I,I,S,I,I
0.02,I,S,S,S,S,S,I,S,S,S,I,S,I,I,S,I,I,S,I,S,I,I
0.07,I,S,S,S,S,S,I,S,S,S,I,S,I,I,S,I,I,S,I,S,S,I
0.04,I,S,S,S,S,S,I,S,S,S,I,S,I,S,S,I,I,S,I,S,S,I
0.01,I,S,S,S,S,S,I,S,S,S,I,S,I,S,S,I,I,S,I,I,S,I
0.13,I,S,S,S,S,S,I,S,S,S,I,S,I,I,S,I,I,S,I,I,S,I
0.19,I,S,S,S,S,S,I,S,S,S,I,S,I,I,S,I,I,S,S,I,S,I
0.02,I,S,S,S,S,S,I,S,S,I,I,S,I,I,S,I,I,S,S,I,S,I
0.03,S,S,S,S,S,S,I,S,S,I,I,S,I,I,S,I,I,S,S,I,S,I
0.35,S,S,S,S,S,S,I,S,S,I,I,S,I,I,S,I,S,S,S,I,S,I
0.00,S,S,S,S,S,S,I,S,S,I,I,S,S,I,S,I,S,S,S,I,S,I
0.02,S,S,S,S,S,S,I,S,S,I,I,S,S,I,S,S,S,S,S,I,S,I
0.01,S,S,S,S,S,S,I,I,S,I,I,S,S,I,S,S,S,S,S,I,S,I
0.18,S,S,S,S,S,S,I,I,I,I,I,S,S,I,S,S,S,S,S,I,S,I
0.01,S,S,S,S,S,S,I,I,I,I,I,S,S,I,S,S,S,S,S,I,I,I
0.05,S,S,S,S,S,S,I,I,I,I,I,S,S,I,S,S,S,S,S,I,S,I
0.12,S,S,S,S,S,S,I,I,I,I,I,S,S,I,S,S,S,S,I,I,S,I
0.04,S,S,S,S,S,S,I,I,I,I,I,S,S,S,S,S,S,S,I,I,S,I
0.07,S,S,S,S,S,S,I,I,I,I,I,S,S,S,S,S,S,S,I,I,S,S
0.15,S,S,S,S,S,S,I,I,I,I,I,S,S,S,S,S,S,S,S,I,S,S
0.06,S,S,S,S,S,S,I,S,I,I,I,S,S,S,S,S,S,S,S,I,S,S
0.11,S,S,S,S,S,S,I,S,I,I,I,S,S,S,S,S,S,S,S,I,S,I
0.02,S,S,S,S,S,S,I,S,I,I,I,S,S,S,S,S,S,S,S,I,I,I
0.07,S,S,S,S,S,S,S,S,I,I,I,S,S,S,S,S,S,S,S,I,I,I
0.04,S,S,S,S,S,S,S,S,S,I,I,S,S,S,S,S,S,S,S,I,I,I
0.01,S,S,S,S,S,S,S,S,S,I,I,S,S,S,S,I,S,S,S,I,I,I
0.05,S,S,S,S,S,S,S,S,S,I,I,S,S,I,S,I,S,S,S,I,I,I
0.44,S,S,S,S,S,S,S,S,S,I,S,S,S,I,S,I,S,S,S,I,I,I
0.28,S,S,I,S,S,S,S,S,S,I,S,S,S,I,S,I,S,S,S,I,I,I
0.11,S,S,I,S,S,S,S,S,S,S,S,S,S,I,S,I,S,S,S,I,I,I
0.13,S,S,I,S,S,S,S,I,S,S,S,S,S,I,S,I,S,S,S,I,I,I
0.14,S,S,I,S,S,S,S,I,S,S,S,S,S,I,S,I,S,S,S,I,I,S
0.03,S,S,I,S,S,S,S,I,S,I,S,S,S,I,S,I,S,S,S,I,I,S
0.00,S,S,I,S,S,S,I,I,S,I,S,S,S,I,S,I,S,S,S,I,I,S
0.02,S,S,I,S,I,S,I,I,S,I,S,S,S,I,S,I,S,S,S,I,I,S
0.13,S,S,I,S,I,S,S,I,S,I,S,S,S,I,S,I,S,S,S,I,I,S
0.07,S,S,I,S,I,S,S,I,S,I,S,S,S,I,S,I,S,I,S,I,I,S
0.04,S,S,I,S,S,S,S,I,S,I,S,S,S,I,S,I,S,I,S,I,I,S
0.07,S,S,I,S,S,S,S,I,S,I,S,S,S,I,S,I,S,S,S,I,I,S
0.05,S,S,I,S,S,S,S,I,S,I,S,S,S,I,S,I,S,S,S,S,I,S
0.03,S,S,I,S,S,S,S,S,S,I,S,S,S,I,S,I,S,S,S,S,I,S
0.09,S,S,I,S,S,S,S,S,S,I,S,S,I,I,S,I,S,S,S,S,I,S
0.07,S,S,I,S,S,S,S,S,I,I,S,S,I,I,S,I,S,S,S,S,I,S
0.04,S,S,I,S,S,S,S,S,I,I,S,S,I,I,S,I,I,S,S,S,I,S
0.04,S,S,I,S,I,S,S,S,I,I,S,S,I,I,S,I,I,S,S,S,I,S
0.02,S,S,I,S,I,S,S,I,I,I,S,S,I,I,S,I,I,S,S,S,I,S
0.05,S,S,S,S,I,S,S,I,I,I,S,S,I,I,S,I,I,S,S,S,I,S
0.12,S,S,S,S,I,S,S,I,I,I,S,S,I,S,S,I,I,S,S,S,I,S
0.03,S,S,S,I,I,S,S,I,I,I,S,S,I,S,S,I,I,S,S,S,I,S
0.07,S,S,S,I,I,S,S,I,I,I,S,S,I,S,I,I,I,S,S,S,I,S
0.11,S,S,S,S,I,S,S,I,I,I,S,S,I,S,I,I,I,S,S,S,I,S
0.00,S,S,S,I,I,S,S,I,I,I,S,S,I,S,I,I,I,S,S,S,I,S
0.21,S,S,S,I,I,S,S,I,I,I,S,S,I,S,S,I,I,S,S,S,I,S
0.05,S,S,S,I,I,S,S,I,I,I,S,S,I,S,S,I,I,S,S,S,S,S
0.02,S,S,S,I,I,S,I,I,I,I,S,S,I,S,S,I,I,S,S,S,S,S
0.13,S,S,S,I,I,S,I,I,I,I,S,S,I,S,I,I,I,S,S,S,S,S
0.06,S,S,S,I,I,S,S,I,I,I,S,S,I,S,I,I,I,S,S,S,S,S
0.01,S,S,S,I,I,S,S,I,S,I,S,S,I,S,I,I,I,S,S,S,S,S
0.05,S,S,S,I,I,S,S,I,S,I,S,S,I,S,I,S,I,S,S,S,S,S
0.08,S,S,S,I,I,S,S,I,S,S,S,S,I,S,I,S,I,S,S,S,S,S
0.13,S,S,S,I,I,S,I,I,S,S,S,S,I,S,I,S,I,S,S,S,S,S
0.15,S,S,S,I,I,S,I,S,S,S,S,S,I,S,I,S,I,S,S,S,S,S
0.14,S,S,S,I,I,S,I,S,S,S,S,S,I,S,S,S,I,S,S,S,S,S
0.04,S,S,S,I,I,S,I,I,S,S,S,S,I,S,S,S,I,S,S,S,S,S
0.05,S,S,S,I,I,S,I,I,S,S,S,S,I,I,S,S,I,S,S,S,S,S
0.10,S,S,S,I,I,S,I,I,S,S,S,S,I,I,S,I,I,S,S,S,S,S
0.07,S,S,S,I,I,S,I,I,S,S,S,S,I,S,S,I,I,S,S,S,S,S
0.01,S,S,S,I,I,S,I,I,S,S,S,S,I,S,S,I,I,S,S,I,S,S
0.05,S,S,S,S,I,S,I,I,S,S,S,S,I,S,S,I,I,S,S,I,S,S
0.02,S,S,S,I,I,S,I,I,S,S,S,S,I,S,S,I,I,S,S,I,S,S
0.07,S,S,S,I,I,S,I,I,S,S,S,S,I,S,S,I,I,S,S,I,S,I
0.03,S,S,S,I,I,S,I,S,S,S,S,S,I,S,S,I,I,S,S,I,S,I
0.02,S,S,S,I,I,S,I,S,S,S,S,S,I,I,S,I,I,S,S,I,S,I
0.01,S,S,S,I,I,S,I,S,S,S,S,S,I,I,S,I,S,S,S,I,S,I
0.13,S,S,S,I,I,S,I,S,S,S,S,S,I,I,S,I,S,I,S,I,S,I
0.10,S,S,S,I,I,S,I,S,S,S,S,S,I,I,S,I,S,I,S,I,S,S
0.02,S,S,S,I,S,S,I,S,S,S,S,S,I,I,S,I,S,I,S,I,S,S
0.02,S,S,I,I,S,S,I,S,S,S,S,S,I,I,S,I,S,I,S,I,S,S
0.23,S,S,I,I,S,S,I,S,S,I,S,S,I,I,S,I,S,I,S,I,S,S
0.06,S,S,I,S,S,S,I,S,S,I,S,S,I,I,S,I,S,I,S,I,S,S
0.04,S,S,I,S,S,S,I,S,S,I,S,S,I,I,S,I,S,I,S,I,S,I
0.01,S,S,I,I,S,S,I,S,S,I,S,S,I,I,S,I,S,I,S,I,S,I
0.01,S,S,I,I,S,S,I,S,S,I,S,S,I,I,S,I,S,I,S,S,S,I
0.01,S,S,I,I,S,S,I,S,S,I,S,S,I,I,S,I,S,I,S,I,S,I
0.01,S,S,I,I,S,S,I,S,S,I,S,S,I,I,S,I,S,I,S,I,S,S
0.11,S,S,I,I,S,S,I,S,S,I,S,S,I,I,S,S,S,I,S,I,S,S
0.02,S,S,I,S,S,S,I,S,S,I,S,S,I,I,S,S,S,I,S,I,S,S
0.07,S,S,I,S,S,S,I,S,S,I,S,S,I,I,S,I,S,I,S,I,S,S
0.13,S,S,I,S,S,S,I,I,S,I,S,S,I,I,S,I,S,I,S,I,S,S
0.05,S,S,I,S,S,S,I,I,S,S,S,S,I,I,S,I,S,I,S,I,S,S
0.18,S,S,I,S,S,S,I,I,S,S,S,S,S,I,S,I,S,I,S,I,S,S
0.03,S,S,I,S,S,S,I,I,S,S,S,S,S,I,S,S,S,I,S,I,S,S
0.04,S,S,I,S,S,S,I,I,S,S,S,S,S,I,S,S,S,I,I,I,S,S
0.00,S,S,I,S,S,S,I,I,S,S,S,S,S,I,S,S,S,S,I,I,S,S
0.03,S,S,I,S,S,S,I,I,S,S,S,S,S,I,S,S,S,S,I,S,S,S
0.06,S,S,I,S,S,I,I,I,S,S,S,S,S,I,S,S,S,S,I,S,S,S
0.13,S,S,I,I,S,I,I,I,S,S,S,S,S,I,S,S,S,S,I,S,S,S
0.01,S,S,I,I,S,I,I,I,S,S,S,S,S,I,S,S,S,S,S,S,S,S
0.05,S,S,I,I,S,S,I,I,S,S,S,S,S,I,S,S,S,S,S,S,S,S
0.15,S,S,I,I,S,S,I,I,S,S,S,S,S,I,S,S,S,S,S,S,S,I
0.03,S,S,I,S,S,S,I,I,S,S,S,S,S,I,S,S,S,S,S,S,S,I
0.07,S,S,I,S,S,S,I,I,S,S,S,S,S,I,S,S,S,S,S,I,S,I
0.16,S,S,I,S,S,S,I,I,S,S,S,S,S,I,S,S,S,S,S,S,S,I
0.18,S,S,I,S,S,S,I,I,S,S,S,S,S,S,S,S,S,S,S,S,S,I
0.21,S,S,I,S,S,S,I,I,I,S,S,S,S,S,S,S,S,S,S,S,S,I
0.02,I,S,I,S,S,S,I,I,I,S,S,S,S,S,S,S,S,S,S,S,S,I
0.08,I,S,I,S,S,S,S,I,I,S,S,S,S,S,S,S,S,S,S,S,S,I
0.10,I,I,I,S,S,S,S,I,I,S,S,S,S,S,S,S,S,S,S,S,S,I
0.00,I,I,I,S,S,S,S,I,I,S,S,S,S,I,S,S,S,S,S,S,S,I
0.10,I,I,I,S,S,S,S,I,I,S,S,S,S,I,S,I,S,S,S,S,S,I
0.17,I,I,I,S,S,S,S,I,I,S,S,S,S,S,S,I,S,S,S,S,S,I
0.03,I,I,I,S,S,S,S,I,I,S,S,I,S,S,S,I,S,S,S,S,S,I
0.06,I,I,I,S,S,S,S,I,I,S,S,I,S,S,S,I,S,S,S,S,S,S
0.06,I,I,I,S,S,S,S,I,I,I,S,I,S,S,S,I,S,S,S,S,S,S
0.06,I,I,I,S,S,S,S,I,I,I,S,I,S,S,S,I,I,S,S,S,S,S
0.07,I,I,I,S,S,S,I,I,I,I,S,I,S,S,S,I,I,S,S,S,S,S
0.05,I,I,I,S,S,S,I,I,I,I,S,I,S,S,S,S,I,S,S,S,S,S
0.05,I,I,I,I,S,S,I,I,I,I,S,I,S,S,S,S,I,S,S,S,S,S
0.05,I,I,I,I,S,S,I,I,I,I,S,I,S,S,S,S,S,S,S,S,S,S
0.15,I,I,I,I,S,I,I,I,I,I,S,I,S,S,S,S,S,S,S,S,S,S
0.01,I,I,I,I,S,I,I,S,I,I,S,I,S,S,S,S,S,S,S,S,S,S
0.00,I,S,I,I,S,I,I,S,I,I,S,I,S,S,S,S,S,S,S,S,S,S
0.08,I,S,I,I,S,I,I,S,I,I,S,I,S,S,S,I,S,S,S,S,S,S
0.08,I,S,I,I,S,I,I,S,I,I,S,I,S,S,S,I,S,S,S,S,I,S
0.02,I,S,I,I,S,I,I,S,I,I,S,I,I,S,S,I,S,S,S,S,I,S
0.08,I,S,I,I,S,I,I,S,I,I,S,S,I,S,S,I,S,S,S,S,I,S
0.13,I,S,I,I,S,I,S,S,I,I,S,S,I,S,S,I,S,S,S,S,I,S
0.08,I,S,I,I,S,I,S,S,I,I,S,S,I,S,S,I,S,S,S,S,S,S
0.04,I,S,I,I,S,I,S,S,I,I,S,S,I,S,S,I,S,I,S,S,S,S
0.27,I,S,I,I,S,I,S,S,I,I,S,S,I,I,S,I,S,I,S,S,S,S
0.00,I,S,I,I,S,I,S,S,I,I,S,S,I,S,S,I,S,I,S,S,S,S
0.05,I,S,I,I,S,I,S,S,I,S,S,S,I,S,S,I,S,I,S,S,S,S
0.03,I,S,I,I,I,I,S,S,I,S,S,S,I,S,S,I,S,I,S,S,S,S
0.06,I,S,I,I,I,I,S,S,I,S,S,S,S,S,S,I,S,I,S,S,S,S
0.06,I,S,I,I,I,I,I,S,I,S,S,S,S,S,S,I,S,I,S,S,S,S
0.15,I,S,I,I,I,I,I,I,I,S,S,S,S,S,S,I,S,I,S,S,S,S
0.02,I,S,I,I,I,I,I,I,I,S,S,S,S,S,S,I,S,S,S,S,S,S
0.00,I,S,I,I,I,I,I,I,I,I,S,S,S,S,S,I,S,S,S,S,S,S
0.05,I,I,I,I,I,I,I,I,I,I,S,S,S,S,S,I,S,S,S,S,S,S
0.02,I,I,I,I,S,I,I,I,I,I,S,S,S,S,S,I,S,S,S,S,S,S
0.05,I,I,I,I,S,I,I,I,S,I,S,S,S,S,S,I,S,S,S,S,S,S
0.00,I,I,I,I,S,I,I,I,S,I,S,S,I,S,S,I,S,S,S,S,S,S
0.01,I,I,I,I,S,I,I,I,S,I,S,S,I,S,I,I,S,S,S,S,S,S
0.01,I,I,I,S,S,I,I,I,S,I,S,S,I,S,I,I,S,S,S,S,S,S
0.04,I,I,I,S,S,I,I,I,S,I,S,S,S,S,I,I,S,S,S,S,S,S
0.04,I,I,I,S,S,I,I,I,S,I,S,S,S,S,S,I,S,S,S,S,S,S
0.03,I,I,S,S,S,I,I,I,S,I,S,S,S,S,S,I,S,S,S,S,S,S
0.04,I,I,S,S,S,I,S,I,S,I,S,S,S,S,S,I,S,S,S,S,S,S
0.17,I,I,S,S,S,I,S,I,S,I,S,S,S,S,S,I,S,S,S,S,I,S
0.04,I,S,S,S,S,I,S,I,S,I,S,S,S,S,S,I,S,S,S,S,I,S
0.27,I,I,S,S,S,I,S,I,S,I,S,S,S,S,S,I,S,S,S,S,I,S
0.11,I,I,S,S,S,I,S,I,S,I,S,S,S,S,S,I,S,S,S,S,S,S
0.04,S,I,S,S,S,I,S,I,S,I,S,S,S,S,S,I,S,S,S,S,S,S
0.09,S,I,S,S,S,I,S,I,S,I,S,S,S,S,S,I,S,I,S,S,S,S
0.01,S,I,S,S,S,I,S,I,S,I,S,S,S,S,S,S,S,I,S,S,S,S
0.06,S,I,S,S,S,I,S,I,S,I,S,S,S,S,I,S,S,I,S,S,S,S
0.04,S,I,S,S,S,S,S,I,S,I,S,S,S,S,I,S,S,I,S,S,S,S
0.05,S,I,S,S,S,S,S,S,S,I,S,S,S,S,I,S,S,I,S,S,S,S
0.00,S,I,S,S,S,S,S,S,I,I,S,S,S,S,I,S,S,I,S,S,S,S
0.04,S,I,S,S,S,S,S,S,I,I,S,S,S,S,I,S,S,S,S,S,S,S
0.13,S,I,S,S,S,S,S,S,I,I,I,S,S,S,I,S,S,S,S,S,S,S
0.10,S,I,I,S,S,S,S,S,I,I,I,S,S,S,I,S,S,S,S,S,S,S
0.26,S,I,I,S,S,S,S,S,I,I,I,S,S,S,I,S,S,S,S,S,S,I
0.00,S,I,I,S,S,S,S,S,I,I,I,S,S,S,S,S,S,S,S,S,S,I
0.06,S,I,I,S,S,S,I,S,I,I,I,S,S,S,S,S,S,S,S,S,S,I
0.12,S,I,I,S,S,S,I,S,I,S,I,S,S,S,S,S,S,S,S,S,S,I
0.09,S,I,I,S,S,S,I,S,S,S,I,S,S,S,S,S,S,S,S,S,S,I
0.09,S,I,I,S,S,S,I,S,S,S,I,S,I,S,S,S,S,S,S,S,S,I
0.10,S,I,S,S,S,S,I,S,S,S,I,S,I,S,S,S,S,S,S,S,S,I
0.07,S,I,S,S,S,S,I,S,S,S,S,S,I,S,S,S,S,S,S,S,S,I
0.03,S,S,S,S,S,S,I,S,S,S,S,S,I,S,S,S,S,S,S,S,S,I
0.06,S,S,S,I,S,S,I,S,S,S,S,S,I,S,S,S,S,S,S,S,S,I
0.22,S,S,S,I,S,S,I,S,S,S,S,S,I,S,S,S,I,S,S,S,S,I
0.03,S,S,S,I,I,S,I,S,S,S,S,S,I,S,S,S,I,S,S,S,S,I
0.09,S,S,S,I,I,S,I,S,S,S,S,S,I,S,S,S,I,S,I,S,S,I
0.02,S,S,S,I,I,S,I,S,S,S,S,S,I,S,S,I,I,S,I,S,S,I
0.04,S,S,S,I,I,S,I,S,S,S,S,S,S,S,S,I,I,S,I,S,S,I
0.02,S,S,S,I,I,S,I,S,S,S,S,S,S,S,S,I,I,S,I,S,S,S
0.05,I,S,S,I,I,S,I,S,S,S,S,S,S,S,S,I,I,S,I,S,S,S
0.02,I,S,S,I,I,S,I,S,S,S,S,S,S,S,S,S,I,S,I,S,S,S
0.06,I,S,S,I,I,S,I,S,S,S,S,S,S,S,S,S,I,I,I,S,S,S
0.04,I,S,S,I,I,S,I,S,S,S,I,S,S,S,S,S,I,I,I,S,S,S
0.13,I,S,S,I,I,S,I,S,S,S,I,I,S,S,S,S,I,I,I,S,S,S
0.00,I,S,S,I,I,S,I,S,S,S,S,I,S,S,S,S,I,I,I,S,S,S
0.00,I,S,S,I,I,S,I,S,S,S,S,I,S,S,S,S,I,S,I,S,S,S
0.02,I,S,S,I,I,S,I,S,S,S,S,I,S,S,I,S,I,S,I,S,S,S
0.08,I,S,S,I,I,S,I,S,S,S,S,I,S,S,I,S,I,S,S,S,S,S
0.21,I,S,S,I,I,S,I,S,S,S,S,I,S,S,I,S,S,S,S,S,S,S
0.04,I,S,S,I,I,S,S,S,S,S,S,I,S,S,I,S,S,S,S,S,S,S
0.10,I,S,S,I,I,S,S,S,S,S,S,I,S,S,S,S,S,S,S,S,S,S
0.06,I,S,S,I,I,S,I,S,S,S,S,I,S,S,S,S,S,S,S,S,S,S
0.03,I,S,S,I,I,S,I,S,S,S,S,S,S,S,S,S,S,S,S,S,S,S
0.20,I,S,S,I,I,S,I,S,S,S,S,S,S,S,S,S,S,S,I,S,S,S
0.06,I,S,S,I,I,S,I,S,I,S,S,S,S,S,S,S,S,S,I,S,S,S
0.09,I,S,S,I,I,S,I,S,I,S,S,S,S,S,S,S,S,S,I,S,I,S
0.02,I,S,S,I,I,S,I,S,I,S,S,S,I,S,S,S,S,S,I,S,I,S
0.01,I,S,I,I,I,S,I,S,I,S,S,S,I,S,S,S,S,S,I,S,I,S
0.01,I,S,I,I,I,S,I,S,I,S,S,S,I,S,S,S,S,S,I,I,I,S
0.16,I,S,I,I,I,S,I,S,I,S,S,S,I,S,S,S,S,S,I,I,S,S
0.11,I,S,I,I,I,S,I,S,S,S,S,S,I,S,S,S,S,S,I,I,S,S
0.00,I,S,I,I,I,S,I,S,S,I,S,S,I,S,S,S,S,S,I,I,S,S
0.05,I,S,I,I,I,S,I,S,S,I,I,S,I,S,S,S,S,S,I,I,S,S
0.04,I,S,I,I,I,S,I,S,S,S,I,S,I,S,S,S,S,S,I,I,S,S
0.03,I,S,I,I,I,S,I,S,S,S,I,S,I,I,S,S,S,S,I,I,S,S
0.01,I,S,I,I,I,S,I,S,S,S,I,S,I,I,S,S,I,S,I,I,S,S
0.08,I,S,I,I,I,S,I,S,S,S,I,S,I,I,S,S,S,S,I,I,S,S
0.01,I,S,I,I,I,S,I,S,S,S,I,S,I,I,I,S,S,S,I,I,S,S
0.15,I,I,I,I,I,S,I,S,S,S,I,S,I,I,I,S,S,S,I,I,S,S
0.00,I,I,I,S,I,S,I,S,S,S,I,S,I,I,I,S,S,S,I,I,S,S
0.01,I,I,I,S,I,S,I,S,S,S,I,S,I,I,I,S,I,S,I,I,S,S
0.00,I,I,I,S,I,S,S,S,S,S,I,S,I,I,I,S,I,S,I,I,S,S
0.02,I,I,S,S,I,S,S,S,S,S,I,S,I,I,I,S,I,S,I,I,S,S
0.05,S,I,S,S,I,S,S,S,S,S,I,S,I,I,I,S,I,S,I,I,S,S
0.04,S,I,S,S,I,S,S,S,I,S,I,S,I,I,I,S,I,S,I,I,S,S
0.00,S,I,S,S,I,S,S,S,I,S,I,S,S,I,I,S,I,S,I,I,S,S
0.05,S,I,S,S,I,S,S,S,I,S,I,S,S,I,S,S,I,S,I,I,S,S
0.14,S,I,S,S,I,S,S,S,I,S,I,I,S,I,S,S,I,S,I,I,S,S
0.00,S,I,S,S,I,S,S,S,I,S,I,I,S,I,S,S,S,S,I,I,S,S
0.01,I,I,S,S,I,S,S,S,I,S,I,I,S,I,S,S,S,S,I,I,S,S
0.08,I,I,S,S,I,S,S,S,I,I,I,I,S,I,S,S,S,S,I,I,S,S
0.02,I,I,S,S,S,S,S,S,I,I,I,I,S,I,S,S,S,S,I,I,S,S
0.00,I,I,S,S,S,S,S,S,I,I,I,I,S,S,S,S,S,S,I,I,S,S
0.03,I,I,S,S,S,I,S,S,I,I,I,I,S,S,S,S,S,S,I,I,S,S
0.02,I,I,S,S,S,I,S,S,I,I,I,I,S,S,S,S,S,S,I,S,S,S
0.00,I,I,S,S,S,I,S,S,I,S,I,I,S,S,S,S,S,S,I,S,S,S
0.01,I,I,S,S,S,I,S,S,I,S,I,I,S,S,S,S,S,S,I,S,S,I
0.08,I,I,S,S,S,I,S,S,I,S,I,I,S,S,S,S,S,S,S,S,S,I
0.18,I,I,S,S,S,I,S,S,I,S,I,I,S,S,S,S,S,S,S,S,S,S
0.03,S,I,S,S,S,I,S,S,I,S,I,I,S,S,S,S,S,S,S,S,S,S
0.04,S,I,S,S,S,I,S,S,I,S,I,I,S,S,S,S,S,S,S,S,I,S
0.12,S,S,S,S,S,I,S,S,I,S,I,I,S,S,S,S,S,S,S,S,I,S
0.13,S,S,S,S,S,I,S,S,I,S,I,I,S,S,I,S,S,S,S,S,I,S
0.02,S,S,S,S,S,I,S,S,I,S,S,I,S,S,I,S,S,S,S,S,I,S
0.08,S,S,S,S,S,I,S,S,I,S,S,S,S,S,I,S,S,S,S,S,I,S
0.04,S,S,S,S,S,S,S,S,I,S,S,S,S,S,I,S,S,S,S,S,I,S
0.01,S,S,S,S,S,S,S,S,I,I,S,S,S,S,I,S,S,S,S,S,I,S
0.16,S,S,S,S,S,S,S,S,I,I,S,S,S,S,S,S,S,S,S,S,I,S
0.10,S,S,S,S,S,S,S,S,I,I,S,S,S,I,S,S,S,S,S,S,I,S
0.04,S,S,S,S,S,S,S,S,I,I,S,S,S,I,S,S,S,S,I,S,I,S
0.03,S,S,S,S,S,S,S,S,I,I,S,S,S,S,S,S,S,S,I,S,I,S
0.08,S,S,S,S,S,S,S,S,I,I,S,S,S,S,I,S,S,S,I,S,I,S
0.12,S,S,S,S,S,S,S,S,I,I,S,S,S,S,I,I,S,S,I,S,I,S
0.03,S,S,S,S,S,S,S,S,I,I,I,S,S,S,I,I,S,S,I,S,I,S
0.03,S,S,S,S,S,S,S,S,I,I,I,S,S,S,I,S,S,S,I,S,I,S
0.00,S,S,S,S,S,S,S,S,I,I,I,S,S,S,I,I,S,S,I,S,I,S
0.11,S,S,S,S,S,I,S,S,I,I,I,S,S,S,I,I,S,S,I,S,I,S
0.11,S,S,S,S,S,I,S,S,I,I,I,S,S,S,I,I,S,S,I,I,I,S
0.08,S,S,S,S,S,I,S,S,I,I,I,S,S,S,I,I,S,S,S,I,I,S
0.05,S,S,S,S,S,I,S,S,I,I,I,S,S,S,S,I,S,S,S,I,I,S
0.08,S,S,S,S,S,I,S,S,I,I,I,S,S,S,S,I,S,S,I,I,I,S
0.02,S,S,S,S,S,I,S,S,I,I,I,S,I,S,S,I,S,S,I,I,I,S
0.15,S,S,S,S,I,I,S,S,I,I,I,S,I,S,S,I,S,S,I,I,I,S
0.05,S,S,S,S,I,I,S,S,I,I,I,S,I,S,S,I,S,S,I,S,I,S
0.11,S,S,S,S,S,I,S,S,I,I,I,S,I,S,S,I,S,S,I,S,I,S
0.12,S,S,S,S,S,I,S,S,I,I,I,S,I,S,S,I,I,S,I,S,I,S
0.14,S,S,S,S,S,I,S,S,I,I,I,S,I,S,S,I,I,S,S,S,I,S
0.15,S,S,S,S,S,I,S,S,I,I,I,S,I,S,I,I,I,S,S,S,I,S
0.00,S,S,S,S,S,I,S,S,I,I,I,S,I,S,I,S,I,S,S,S,I,S
0.05,S,S,S,S,I,I,S,S,I,I,I,S,I,S,I,S,I,S,S,S,I,S
0.03,S,I,S,S,I,I,S,S,I,I,I,S,I,S,I,S,I,S,S,S,I,S
0.04,S,I,S,S,I,I,S,S,I,I,I,I,I,S,I,S,I,S,S,S,I,S
0.09,S,S,S,S,I,I,S,S,I,I,I,I,I,S,I,S,I,S,S,S,I,S
0.00,S,S,S,S,I,S,S,S,I,I,I,I,I,S,I,S,I,S,S,S,I,S
0.16,S,S,S,S,I,S,S,S,I,I,I,I,S,S,I,S,I,S,S,S,I,S
0.06,I,S,S,S,I,S,S,S,I,I,I,I,S,S,I,S,I,S,S,S,I,S
0.08,I,I,S,S,I,S,S,S,I,I,I,I,S,S,I,S,I,S,S,S,I,S
0.08,I,I,S,S,I,S,S,S,I,I,I,I,S,S,I,S,S,S,S,S,I,S
0.04,I,S,S,S,I,S,S,S,I,I,I,I,S,S,I,S,S,S,S,S,I,S
0.10,I,I,S,S,I,S,S,S,I,I,I,I,S,S,I,S,S,S,S,S,I,S
0.14,I,I,S,S,I,S,S,S,S,I,I,I,S,S,I,S,S,S,S,S,I,S
0.01,I,I,S,S,I,S,S,S,S,S,I,I,S,S,I,S,S,S,S,S,I,S
0.02,I,I,S,S,I,S,S,S,S,S,I,S,S,S,I,S,S,S,S,S,I,S
0.03,I,S,S,S,I,S,S,S,S,S,I,S,S,S,I,S,S,S,S,S,I,S
0.17,I,S,S,S,I,S,S,S,S,I,I,S,S,S,I,S,S,S,S,S,I,S
0.09,I,S,S,S,I,S,S,S,S,I,I,S,S,S,S,S,S,S,S,S,I,S
0.01,I,S,S,S,I,S,S,S,S,I,I,S,S,S,S,S,S,S,I,S,I,S
0.08,I,S,S,S,I,S,S,S,S,S,I,S,S,S,S,S,S,S,I,S,I,S
0.06,I,S,S,S,I,S,S,S,S,S,S,S,S,S,S,S,S,S,I,S,I,S
0.10,I,S,S,S,I,S,S,S,S,S,S,S,S,S,S,S,S,S,I,I,I,S
0.10,I,S,S,S,S,S,S,S,S,S,S,S,S,S,S,S,S,S,I,I,I,S
0.15,S,S,S,S,S,S,S,S,S,S,S,S,S,S,S,S,S,S,I,I,I,S
0.06,S,S,S,S,I,S,S,S,S,S,S,S,S,S,S,S,S,S,I,I,I,S
0.02,S,S,S,S,I,S,S,S,S,S,S,S,I,S,S,S,S,S,I,I,I,S
0.19,S,S,S,S,I,S,S,I,S,S,S,S,I,S,S,S,S,S,I,I,I,S
0.01,S,S,S,S,S,S,S,I,S,S,S,S,I,S,S,S,S,S,I,I,I,S
0.01,S,S,I,S,S,S,S,I,S,S,S,S,I,S,S,S,S,S,I,I,I,S
0.31,S,S,I,S,S,S,S,I,S,S,S,S,I,S,I,S,S,S,I,I,I,S
0.01,S,S,I,S,S,S,S,I,I,S,S,S,I,S,I,S,S,S,I,I,I,S
0.20,S,S,I,S,S,S,S,I,I,I,S,S,I,S,I,S,S,S,I,I,I,S
0.06,S,S,I,S,S,S,S,I,I,I,S,S,S,S,I,S,S,S,I,I,I,S
0.20,S,S,I,S,S,S,S,I,S,I,S,S,S,S,I,S,S,S,I,I,I,S
0.17,S,S,I,S,S,S,S,I,S,I,S,S,S,S,I,S,S,S,I,I,S,S
0.01,S,S,I,S,S,S,S,I,S,I,S,I,S,S,I,S,S,S,I,I,S,S
0.03,S,S,I,S,S,S,I,I,S,I,S,I,S,S,I,S,S,S,I,I,S,S
0.03,S,S,I,S,S,S,I,I,S,I,S,I,S,S,I,S,S,S,I,I,S,I
0.12,S,S,I,S,S,S,I,S,S,I,S,I,S,S,I,S,S,S,I,I,S,I
0.03,S,S,I,S,S,S,I,S,S,I,S,I,S,S,I,S,S,S,I,S,S,I
0.00,S,S,I,S,S,S,I,S,S,I,S,I,S,S,I,S,S,S,I,S,I,I
0.00,S,S,S,S,S,S,I,S,S,I,S,I,S,S,I,S,S,S,I,S,I,I
0.13,S,S,S,S,S,S,I,S,S,I,S,I,S,S,I,S,S,S,I,S,I,S
0.03,S,S,S,S,S,S,I,S,S,I,S,I,S,S,I,S,I,S,I,S,I,S
0.10,S,S,S,S,S,S,I,S,S,I,S,I,S,S,S,S,I,S,I,S,I,S
0.03,S,S,S,S,S,S,I,S,S,I,S,I,S,S,S,S,I,S,I,I,I,S
0.13,S,S,S,S,S,S,I,S,S,I,S,S,S,S,S,S,I,S,I,I,I,S
0.01,S,S,S,S,I,S,I,S,S,I,S,S,S,S,S,S,I,S,I,I,I,S
0.01,S,S,S,S,I,S,I,S,S,I,S,S,S,S,S,S,I,S,S,I,I,S
0.05,S,S,S,S,I,S,I,S,S,I,S,S,I,S,S,S,I,S,S,I,I,S
0.01,S,I,S,S,I,S,I,S,S,I,S,S,I,S,S,S,I,S,S,I,I,S
0.02,S,I,S,S,S,S,I,S,S,I,S,S,I,S,S,S,I,S,S,I,I,S
0.02,S,I,S,S,S,S,I,S,S,I,S,S,I,S,S,S,I,S,S,I,I,I
0.02,S,I,S,S,S,S,I,S,S,I,S,S,I,S,S,S,S,S,S,I,I,I
0.04,S,I,S,S,S,S,I,S,S,I,S,I,I,S,S,S,S,S,S,I,I,I
0.07,S,I,S,S,S,S,I,S,S,I,S,I,S,S,S,S,S,S,S,I,I,I
0.04,S,I,S,S,S,S,I,S,S,S,S,I,S,S,S,S,S,S,S,I,I,I
0.18,S,I,S,S,S,S,I,S,S,S,S,I,S,S,I,S,S,S,S,I,I,I
0.17,S,I,S,S,S,S,I,S,S,S,S,S,S,S,I,S,S,S,S,I,I,I
0.00,S,I,S,S,S,S,I,S,S,S,S,S,S,S,I,S,S,S,S,I,I,S
0.10,S,I,S,S,S,I,I,S,S,S,S,S,S,S,I,S,S,S,S,I,I,S
0.03,S,S,S,S,S,I,I,S,S,S,S,S,S,S,I,S,S,S,S,I,I,S
0.19,S,S,S,I,S,I,I,S,S,S,S,S,S,S,I,S,S,S,S,I,I,S
0.10,S,S,S,I,S,I,I,S,S,S,S,S,S,S,I,S,S,S,S,I,I,I
0.01,S,S,S,S,S,I,I,S,S,S,S,S,S,S,I,S,S,S,S,I,I,I
0.06,S,S,S,I,S,I,I,S,S,S,S,S,S,S,I,S,S,S,S,I,I,I
0.02,S,S,S,I,S,I,S,S,S,S,S,S,S,S,I,S,S,S,S,I,I,I
0.01,S,S,I,I,S,I,S,S,S,S,S,S,S,S,I,S,S,S,S,I,I,I
0.04,S,S,I,I,S,I,S,S,S,I,S,S,S,S,I,S,S,S,S,I,I,I
0.02,S,S,I,I,S,I,S,S,S,I,S,S,S,S,I,S,S,S,S,S,I,I
0.04,S,S,I,I,I,I,S,S,S,I,S,S,S,S,I,S,S,S,S,S,I,I
0.01,S,S,I,I,I,I,S,S,S,I,S,S,S,S,S,S,S,S,S,S,I,I
0.34,I,S,I,I,I,I,S,S,S,I,S,S,S,S,S,S,S,S,S,S,I,I
0.05,I,S,I,S,I,I,S,S,S,I,S,S,S,S,S,S,S,S,S,S,I,I
0.02,I,S,I,S,I,S,S,S,S,I,S,S,S,S,S,S,S,S,S,S,I,I
0.02,I,S,I,S,I,S,S,S,S,S,S,S,S,S,S,S,S,S,S,S,I,I
0.12,I,S,S,S,I,S,S,S,S,S,S,S,S,S,S,S,S,S,S,S,I,I
0.13,S,S,S,S,I,S,S,S,S,S,S,S,S,S,S,S,S,S,S,S,I,I
0.00,S,S,S,S,I,S,S,S,S,S,S,S,S,S,S,S,S,S,S,S,S,I
0.03,S,S,S,S,S,S,S,S,S,S,S,S,S,S,S,S,S,S,S,S,S,I
0.02,S,S,S,S,S,S,S,S,S,S,S,I,S,S,S,S,S,S,S,S,S,I
0.03,S,S,I,S,S,S,S,S,S,S,S,I,S,S,S,S,S,S,S,S,S,I
0.09,S,S,I,S,S,S,S,S,S,S,S,I,S,I,S,S,S,S,S,S,S,I
0.04,S,S,I,S,S,S,S,S,S,S,S,I,S,I,I,S,S,S,S,S,S,I
0.03,S,S,I,S,S,S,S,S,S,S,S,I,I,I,I,S,S,S,S,S,S,I
0.04,S,S,I,S,S,S,S,S,S,S,S,I,I,I,I,S,S,S,I,S,S,I
0.07,S,S,I,S,S,S,S,S,S,S,S,I,I,I,I,S,S,S,I,I,S,I
0.05,S,S,I,S,S,S,S,S,S,S,S,I,I,I,I,S,S,S,I,I,S,S
0.05,S,S,I,S,S,S,S,S,S,S,S,I,I,S,I,S,S,S,I,I,S,S
0.03,S,S,I,S,S,S,S,S,S,S,S,S,I,S,I,S,S,S,I,I,S,S
0.05,S,S,I,S,I,S,S,S,S,S,S,S,I,S,I,S,S,S,I,I,S,S
0.12,S,S,I,S,I,I,S,S,S,S,S,S,I,S,I,S,S,S,I,I,S,S
0.17,S,S,I,S,I,I,S,S,S,S,I,S,I,S,I,S,S,S,I,I,S,S
0.04,S,S,I,S,I,I,S,S,S,S,I,S,I,S,I,S,I,S,I,I,S,S
0.03,S,S,I,S,I,I,S,S,S,S,I,S,I,S,I,I,I,S,I,I,S,S
0.01,S,S,I,S,I,I,S,S,S,S,I,S,I,S,I,I,I,S,I,I,I,S
0.00,S,S,I,S,I,I,S,S,S,S,I,S,I,S,I,I,I,S,S,I,I,S
0.05,S,S,I,S,I,I,S,S,I,S,I,S,I,S,I,I,I,S,S,I,I,S
0.02,S,S,I,S,I,I,S,S,I,S,I,S,I,S,I,S,I,S,S,I,I,S
0.15,S,S,I,S,S,I,S,S,I,S,I,S,I,S,I,S,I,S,S,I,I,S
0.04,S,S,I,S,S,I,S,S,S,S,I,S,I,S,I,S,I,S,S,I,I,S
0.21,S,S,I,S,S,I,S,S,S,S,I,S,I,I,I,S,I,S,S,I,I,S
0.05,S,S,I,S,S,I,S,S,S,S,I,S,I,I,I,S,I,S,S,I,S,S
0.18,S,S,S,S,S,I,S,S,S,S,I,S,I,I,I,S,I,S,S,I,S,S
0.03,S,S,S,S,S,S,S,S,S,S,I,S,I,I,I,S,I,S,S,I,S,S
0.12,S,S,S,S,S,S,S,I,S,S,I,S,I,I,I,S,I,S,S,I,S,S
0.11,S,S,S,S,I,S,S,I,S,S,I,S,I,I,I,S,I,S,S,I,S,S
0.01,S,S,S,S,I,S,S,I,S,S,I,S,I,I,I,S,I,S,S,I,I,S
0.04,S,S,S,S,S,S,S,I,S,S,I,S,I,I,I,S,I,S,S,I,I,S
0.02,S,S,S,S,S,S,S,S,S,S,I,S,I,I,I,S,I,S,S,I,I,S
0.02,S,S,S,S,S,S,S,S,S,S,I,S,I,I,I,S,I,S,S,S,I,S
0.16,S,S,S,S,S,S,I,S,S,S,I,S,I,I,I,S,I,S,S,S,I,S
0.04,S,S,S,S,S,S,I,S,S,S,I,S,I,I,S,S,I,S,S,S,I,S
0.04,S,S,S,S,S,S,I,S,S,S,S,S,I,I,S,S,I,S,S,S,I,S
0.03,S,S,S,S,S,S,I,S,S,S,S,I,I,I,S,S,I,S,S,S,I,S
0.01,S,S,S,S,S,S,S,S,S,S,S,I,I,I,S,S,I,S,S,S,I,S
0.04,S,S,S,S,S,S,S,S,S,I,S,I,I,I,S,S,I,S,S,S,I,S
0.02,S,S,S,S,S,I,S,S,S,I,S,I,I,I,S,S,I,S,S,S,I,S
0.02,S,S,S,S,S,I,S,S,S,I,S,I,I,I,S,S,I,S,S,S,S,S
0.16,S,S,S,S,S,I,S,S,S,I,S,I,S,I,S,S,I,S,S,S,S,S
0.00,S,S,S,S,S,I,S,S,S,I,S,I,S,I,S,S,I,S,S,I,S,S
0.20,S,S,S,S,S,I,S,S,S,I,S,I,S,I,S,S,I,I,S,I,S,S
0.11,I,S,S,S,S,I,S,S,S,I,S,I,S,I,S,S,I,I,S,I,S,S
0.03,I,S,S,S,I,I,S,S,S,I,S,I,S,I,S,S,I,I,S,I,S,S
0.14,I,S,S,S,I,I,S,S,S,I,S,I,S,I,S,S,I,I,S,S,S,S
0.03,I,I,S,S,I,I,S,S,S,I,S,I,S,I,S,S,I,I,S,S,S,S
0.00,I,S,S,S,I,I,S,S,S,I,S,I,S,I,S,S,I,I,S,S,S,S
0.01,I,S,S,S,S,I,S,S,S,I,S,I,S,I,S,S,I,I,S,S,S,S
0.04,I,S,S,S,S,I,S,S,S,I,S,I,S,I,S,S,S,I,S,S,S,S
0.05,I,S,S,S,S,I,S,I,S,I,S,I,S,I,S,S,S,I,S,S,S,S
0.10,I,S,S,S,S,I,S,I,S,I,S,I,S,I,S,S,S,S,S,S,S,S
0.04,I,S,S,S,S,I,I,I,S,I,S,I,S,I,S,S,S,S,S,S,S,S
0.12,I,S,S,S,S,I,I,I,S,I,S,I,S,I,S,S,S,S,S,I,S,S
0.15,I,S,S,S,S,I,I,I,I,I,S,I,S,I,S,S,S,S,S,I,S,S
0.16,I,S,S,S,I,I,I,I,I,I,S,I,S,I,S,S,S,S,S,I,S,S
0.06,I,S,S,S,I,I,I,I,I,S,S,I,S,I,S,S,S,S,S,I,S,S
0.06,I,S,S,S,I,I,I,I,S,S,S,I,S,I,S,S,S,S,S,I,S,S
0.02,I,S,S,S,I,I,I,I,S,S,S,I,S,I,S,S,S,I,S,I,S,S
0.03,I,S,S,S,I,S,I,I,S,S,S,I,S,I,S,S,S,I,S,I,S,S
0.11,I,S,S,S,I,S,I,S,S,S,S,I,S,I,S,S,S,I,S,I,S,S
0.04,I,S,S,S,I,S,S,S,S,S,S,I,S,I,S,S,S,I,S,I,S,S
0.04,I,S,S,S,I,S,S,S,S,S,S,S,S,I,S,S,S,I,S,I,S,S
0.02,I,S,S,I,I,S,S,S,S,S,S,S,S,I,S,S,S,I,S,I,S,S
0.09,I,S,S,I,S,S,S,S,S,S,S,S,S,I,S,S,S,I,S,I,S,S
0.10,I,S,S,I,S,S,S,I,S,S,S,S,S,I,S,S,S,I,S,I,S,S
0.05,I,S,S,S,S,S,S,I,S,S,S,S,S,I,S,S,S,I,S,I,S,S
0.00,I,S,S,S,S,S,I,I,S,S,S,S,S,I,S,S,S,I,S,I,S,S
0.04,I,S,S,S,I,S,I,I,S,S,S,S,S,I,S,S,S,I,S,I,S,S
0.06,S,S,S,S,I,S,I,I,S,S,S,S,S,I,S,S,S,I,S,I,S,S
0.00,S,I,S,S,I,S,I,I,S,S,S,S,S,I,S,S,S,I,S,I,S,S
0.06,S,I,S,S,I,S,S,I,S,S,S,S,S,I,S,S,S,I,S,I,S,S
0.06,S,I,S,S,I,S,S,I,S,S,S,S,S,I,S,S,S,I,S,I,S,I
0.05,S,I,S,S,I,I,S,I,S,S,S,S,S,I,S,S,S,I,S,I,S,I
0.01,S,I,S,S,S,I,S,I,S,S,S,S,S,I,S,S,S,I,S,I,S,I
0.08,S,I,S,I,S,I,S,I,S,S,S,S,S,I,S,S,S,I,S,I,S,I
0.05,S,I,S,I,S,I,S,I,S,S,S,S,S,I,S,S,S,S,S,I,S,I
0.03,S,I,S,I,S,I,S,S,S,S,S,S,S,I,S,S,S,S,S,I,S,I
0.05,S,I,S,I,S,I,S,S,S,S,S,S,S,I,S,S,S,S,S,I,S,S
0.12,S,I,S,I,S,S,S,S,S,S,S,S,S,I,S,S,S,S,S,I,S,S
0.00,S,I,S,I,S,S,I,S,S,S,S,S,S,I,S,S,S,S,S,I,S,S
0.01,S,I,S,I,S,S,I,S,S,S,S,S,S,I,I,S,S,S,S,I,S,S
0.02,S,S,S,I,S,S,I,S,S,S,S,S,S,I,I,S,S,S,S,I,S,S
0.04,S,S,S,I,S,S,I,S,S,S,S,S,S,I,I,S,S,S,I,I,S,S
0.07,S,S,S,I,S,S,I,S,S,I,S,S,S,I,I,S,S,S,I,I,S,S
0.04,S,S,S,I,S,S,I,S,S,S,S,S,S,I,I,S,S,S,I,I,S,S
0.08,S,S,S,I,S,S,I,S,S,S,S,S,S,I,I,S,S,S,I,S,S,S
0.05,S,S,I,I,S,S,I,S,S,S,S,S,S,I,I,S,S,S,I,S,S,S
0.25,S,S,I,I,S,S,I,S,S,S,S,S,S,I,S,S,S,S,I,S,S,S
0.05,S,S,I,I,S,S,I,S,S,S,S,S,S,I,S,S,S,S,S,S,S,S
0.17,S,S,I,I,S,S,I,S,S,S,S,S,S,I,S,S,S,S,S,I,S,S
0.01,S,S,I,I,S,S,I,S,I,S,S,S,S,I,S,S,S,S,S,I,S,S
0.04,S,S,I,I,S,I,I,S,I,S,S,S,S,I,S,S,S,S,S,I,S,S
0.10,S,S,I,I,S,I,I,S,I,S,S,S,S,I,S,I,S,S,S,I,S,S
0.02,S,S,I,I,S,I,I,S,I,S,S,S,S,S,S,I,S,S,S,I,S,S
0.00,S,S,I,I,S,I,I,S,I,S,S,S,S,S,S,I,S,S,S,S,S,S
0.00,S,S,I,S,S,I,I,S,I,S,S,S,S,S,S,I,S,S,S,S,S,S
0.02,S,S,I,S,S,I,I,S,I,S,S,I,S,S,S,I,S,S,S,S,S,S
0.01,S,S,I,S,S,I,I,S,S,S,S,I,S,S,S,I,S,S,S,S,S,S
0.01,S,S,I,S,S,I,I,S,S,I,S,I,S,S,S,I,S,S,S,S,S,S
0.07,S,S,I,S,S,I,I,S,S,I,S,S,S,S,S,I,S,S,S,S,S,S
0.41,S,S,I,S,S,I,I,S,S,I,S,I,S,S,S,I,S,S,S,S,S,S
0.00,S,S,I,S,S,I,I,S,S,I,S,S,S,S,S,I,S,S,S,S,S,S
0.20,I,S,I,S,S,I,I,S,S,I,S,S,S,S,S,I,S,S,S,S,S,S
0.01,I,S,I,S,I,I,I,S,S,I,S,S,S,S,S,I,S,S,S,S,S,S
0.19,I,S,I,S,I,I,I,S,S,I,S,S,S,S,S,I,S,S,S,I,S,S
0.03,I,S,S,S,I,I,I,S,S,I,S,S,S,S,S,I,S,S,S,I,S,S
0.35,I,S,S,S,I,I,I,S,S,I,S,S,S,S,I,I,S,S,S,I,S,S
0.24,I,S,S,S,S,I,I,S,S,I,S,S,S,S,I,I,S,S,S,I,S,S
0.13,I,S,S,S,S,I,I,S,I,I,S,S,S,S,I,I,S,S,S,I,S,S
0.18,I,S,S,S,S,I,I,S,I,I,S,S,S,S,I,I,I,S,S,I,S,S
0.38,I,S,S,S,S,I,I,S,I,S,S,S,S,S,I,I,I,S,S,I,S,S
0.04,I,S,S,S,S,I,S,S,I,S,S,S,S,S,I,I,I,S,S,I,S,S
0.03,I,S,S,S,S,I,I,S,I,S,S,S,S,S,I,I,I,S,S,I,S,S
0.05,I,S,S,S,S,I,I,S,I,S,S,S,S,S,I,I,I,S,S,S,S,S
0.03,I,S,S,S,S,I,I,S,I,S,S,S,S,S,I,S,I,S,S,S,S,S
0.14,I,S,S,S,S,I,I,S,I,S,S,S,S,S,I,S,I,S,S,S,S,I
0.08,I,S,S,S,S,I,I,S,I,S,S,S,S,S,I,S,S,S,S,S,S,I
0.00,I,S,S,S,S,I,I,S,I,I,S,S,S,S,I,S,S,S,S,S,S,I
0.06,I,S,S,S,S,I,I,S,I,I,S,S,S,S,I,I,S,S,S,S,S,I
0.08,I,S,S,S,S,I,I,S,I,S,S,S,S,S,I,I,S,S,S,S,S,I
0.05,I,S,S,S,S,S,I,S,I,S,S,S,S,S,I,I,S,S,S,S,S,I
0.32,I,S,S,S,S,S,S,S,I,S,S,S,S,S,I,I,S,S,S,S,S,I
0.40,I,S,S,S,S,S,S,S,S,S,S,S,S,S,I,I,S,S,S,S,S,I
0.08,I,S,S,S,S,S,S,S,S,S,S,S,S,S,I,I,S,S,I,S,S,I
0.03,S,S,S,S,S,S,S,S,S,S,S,S,S,S,I,I,S,S,I,S,S,I
0.02,I,S,S,S,S,S,S,S,S,S,S,S,S,S,I,I,S,S,I,S,S,I
0.12,I,S,S,S,S,S,S,S,S,S,S,S,S,S,I,S,S,S,I,S,S,I
0.00,I,S,S,S,S,S,S,S,S,S,S,S,S,S,I,S,S,S,I,S,S,S
0.08,I,S,S,S,S,I,S,S,S,S,S,S,S,S,I,S,S,S,I,S,S,S
0.19,I,S,S,S,S,I,S,S,I,S,S,S,S,S,I,S,S,S,I,S,S,S
0.04,I,S,S,S,S,I,S,S,I,S,S,S,S,S,I,I,S,S,I,S,S,S
0.01,I,S,S,S,S,I,S,S,I,S,S,S,S,S,I,I,S,S,I,I,S,S
0.01,I,S,S,S,S,I,S,I,I,S,S,S,S,S,I,I,S,S,I,I,S,S
0.16,S,S,S,S,S,I,S,I,I,S,S,S,S,S,I,I,S,S,I,I,S,S
0.00,S,S,S,S,S,S,S,I,I,S,S,S,S,S,I,I,S,S,I,I,S,S
0.16,S,S,S,S,S,S,S,I,I,I,S,S,S,S,I,I,S,S,I,I,S,S
0.23,S,S,S,S,S,S,S,I,I,I,S,S,S,S,I,I,S,S,I,I,S,I
0.18,S,S,S,S,S,S,S,I,I,I,S,S,S,S,I,I,S,S,S,I,S,I
0.05,S,S,I,S,S,S,S,I,I,I,S,S,S,S,I,I,S,S,S,I,S,I
0.08,S,S,I,S,S,S,S,I,I,S,S,S,S,S,I,I,S,S,S,I,S,I
0.44,S,S,S,S,S,S,S,I,I,S,S,S,S,S,I,I,S,S,S,I,S,I
0.13,S,S,S,S,S,S,S,I,I,S,S,S,S,S,I,I,S,S,S,S,S,I
0.05,S,S,S,S,S,S,S,I,S,S,S,S,S,S,I,I,S,S,S,S,S,I
0.09,S,S,S,S,S,S,S,I,S,S,I,S,S,S,I,I,S,S,S,S,S,I
0.19,S,S,S,S,S,S,S,I,S,S,I,S,S,S,I,I,S,S,S,I,S,I
0.05,S,S,S,S,S,S,S,S,S,S,I,S,S,S,I,I,S,S,S,I,S,I
0.03,S,S,S,S,S,S,S,S,S,I,I,S,S,S,I,I,S,S,S,I,S,I
0.16,S,S,S,S,S,S,S,S,S,I,S,S,S,S,I,I,S,S,S,I,S,I
0.11,S,S,S,S,S,S,S,S,S,I,S,S,S,S,I,I,S,S,S,I,I,I
0.09,S,S,S,S,I,S,S,S,S,I,S,S,S,S,I,I,S,S,S,I,I,I
0.03,S,S,S,S,I,S,S,S,S,I,S,S,S,S,I,S,S,S,S,I,I,I
0.08,S,S,S,S,S,S,S,S,S,I,S,S,S,S,I,S,S,S,S,I,I,I
0.18,S,S,S,S,S,S,S,S,S,I,S,S,I,S,I,S,S,S,S,I,I,I
0.01,S,S,S,S,S,S,S,S,S,I,S,S,I,S,I,S,S,S,S,I,S,I
0.07,S,S,S,S,S,S,S,S,S,I,S,S,S,S,I,S,S,S,S,I,S,I
0.01,S,S,S,S,S,S,S,S,S,I,S,S,S,S,I,S,S,S,S,S,S,I
0.12,S,S,S,S,I,S,S,S,S,I,S,S,S,S,I,S,S,S,S,S,S,I
0.07,S,S,S,S,I,S,S,S,I,I,S,S,S,S,I,S,S,S,S,S,S,I
0.02,S,S,S,I,I,S,S,S,I,I,S,S,S,S,I,S,S,S,S,S,S,I
0.20,S,S,S,I,I,S,S,S,I,S,S,S,S,S,I,S,S,S,S,S,S,I
0.19,S,S,S,I,I,S,S,S,I,S,S,S,S,S,I,S,S,S,S,S,I,I
0.05,S,S,S,I,I,S,S,S,I,S,S,S,S,S,S,S,S,S,S,S,I,I
0.02,S,S,S,I,I,S,S,S,I,S,S,S,S,S,S,S,S,S,S,S,S,I
0.02,S,S,S,I,S,S,S,S,I,S,S,S,S,S,S,S,S,S,S,S,S,I
0.04,S,S,S,I,S,S,S,S,S,S,S,S,S,S,S,S,S,S,S,S,S,I
0.24,S,S,S,I,S,S,S,S,S,S,S,S,S,S,S,S,S,S,S,I,S,I
0.49,S,S,S,I,S,S,S,S,S,S,S,S,S,S,S,S,I,S,S,I,S,I
0.02,S,S,S,I,S,S,S,S,S,S,S,S,S,S,S,S,I,I,S,I,S,I
0.01,S,S,S,I,S,S,S,S,S,S,S,S,S,S,S,S,I,I,S,I,S,S
0.05,S,S,I,I,S,S,S,S,S,S,S,S,S,S,S,S,I,I,S,I,S,S
0.05,S,S,I,I,S,S,S,S,S,S,S,S,S,S,S,I,I,I,S,I,S,S
0.05,S,S,I,I,S,S,S,S,S,S,S,S,S,S,S,I,I,S,S,I,S,S
0.10,S,S,S,I,S,S,S,S,S,S,S,S,S,S,S,I,I,S,S,I,S,S
0.02,S,S,S,I,S,S,S,S,S,S,S,S,S,S,S,I,I,I,S,I,S,S
0.21,S,S,S,I,S,S,S,S,S,S,S,S,S,S,S,I,I,I,S,S,S,S
0.04,S,S,S,I,S,S,S,S,S,S,S,I,S,S,S,I,I,I,S,S,S,S
0.01,S,S,S,I,S,S,S,S,S,I,S,I,S,S,S,I,I,I,S,S,S,S
0.18,S,S,S,I,S,S,S,S,S,I,S,I,S,S,S,S,I,I,S,S,S,S
0.06,S,S,S,I,S,S,S,S,S,I,S,I,S,I,S,S,I,I,S,S,S,S
0.05,S,S,S,I,S,S,S,S,S,I,S,I,S,I,S,I,I,I,S,S,S,S
0.01,I,S,S,I,S,S,S,S,S,I,S,I,S,I,S,I,I,I,S,S,S,S
0.02,I,S,S,I,S,S,S,S,S,S,S,I,S,I,S,I,I,I,S,S,S,S
0.09,I,S,S,I,S,S,S,S,I,S,S,I,S,I,S,I,I,I,S,S,S,S
0.01,I,S,S,I,S,S,S,S,I,S,S,I,S,I,S,I,I,S,S,S,S,S
0.17,I,I,S,I,S,S,S,S,I,S,S,I,S,I,S,I,I,S,S,S,S,S
0.07,I,S,S,I,S,S,S,S,I,S,S,I,S,I,S,I,I,S,S,S,S,S
0.05,I,S,S,I,S,S,S,S,I,S,S,I,S,I,S,I,I,I,S,S,S,S
0.14,I,S,S,I,S,S,S,S,S,S,S,I,S,I,S,I,I,I,S,S,S,S
0.01,I,S,S,I,I,S,S,S,S,S,S,I,S,I,S,I,I,I,S,S,S,S
0.04,I,S,S,I,I,S,S,S,S,S,S,I,S,S,S,I,I,I,S,S,S,S
0.06,I,S,S,I,I,S,S,S,S,S,I,I,S,S,S,I,I,I,S,S,S,S
0.02,I,S,S,I,I,S,S,S,S,S,S,I,S,S,S,I,I,I,S,S,S,S
0.04,I,S,S,I,I,S,S,S,S,S,S,I,S,S,I,I,I,I,S,S,S,S
0.26,I,I,S,I,I,S,S,S,S,S,S,I,S,S,I,I,I,I,S,S,S,S
0.02,I,I,S,I,I,S,S,S,I,S,S,I,S,S,I,I,I,I,S,S,S,S
0.01,I,I,S,I,I,S,S,S,I,I,S,I,S,S,I,I,I,I,S,S,S,S
0.00,I,I,S,I,I,S,S,S,I,I,S,I,S,S,I,I,I,I,S,I,S,S
0.13,I,I,S,I,I,S,S,S,I,I,S,I,S,S,I,S,I,I,S,I,S,S
0.01,I,I,S,I,I,S,S,S,I,I,S,I,S,S,I,S,I,I,S,S,S,S
0.01,I,I,S,S,I,S,S,S,I,I,S,I,S,S,I,S,I,I,S,S,S,S
0.07,I,I,S,S,S,S,S,S,I,I,S,I,S,S,I,S,I,I,S,S,S,S
0.01,I,I,S,S,S,S,S,S,I,I,S,I,S,S,I,S,I,I,I,S,S,S
0.03,I,I,S,S,S,S,S,S,I,I,S,I,S,S,I,S,S,I,I,S,S,S
0.04,I,I,S,S,S,S,S,S,I,I,S,I,S,S,I,S,S,I,I,I,S,S
0.10,I,I,S,S,S,S,S,S,I,I,S,I,S,S,I,S,S,I,I,I,S,I
0.04,I,I,S,I,S,S,S,S,I,I,S,I,S,S,I,S,S,I,I,I,S,I
0.12,I,I,S,I,S,S,S,S,I,I,S,I,S,S,I,S,I,I,I,I,S,I
0.19,I,I,S,I,S,S,S,S,I,I,S,I,S,S,I,S,I,S,I,I,S,I
0.01,I,I,S,I,S,S,S,S,I,I,S,I,S,S,I,S,I,S,I,I,S,S
0.05,I,I,S,I,S,S,S,S,I,I,S,I,S,S,I,I,I,S,I,I,S,S
0.08,I,I,S,I,S,S,S,S,I,I,S,I,I,S,I,I,I,S,I,I,S,S
0.06,I,I,S,I,S,S,S,S,I,I,S,I,I,S,S,I,I,S,I,I,S,S
0.12,I,I,S,I,S,S,S,S,I,I,S,I,I,S,S,I,I,S,S,I,S,S
0.15,I,I,S,I,I,S,S,S,I,I,S,I,I,S,S,I,I,S,S,I,S,S
0.13,I,I,S,I,I,S,S,S,I,I,S,I,I,S,S,S,I,S,S,I,S,S
0.09,I,I,S,I,I,S,S,S,I,I,S,I,I,S,S,S,I,S,S,I,S,I
0.02,I,I,S,S,I,S,S,S,I,I,S,I,I,S,S,S,I,S,S,I,S,I
0.04,I,I,S,S,I,S,S,S,I,I,S,I,I,S,S,S,I,S,S,I,I,I
0.04,I,I,S,S,I,S,S,I,I,I,S,I,I,S,S,S,I,S,S,I,I,I
0.01,I,I,S,S,I,S,S,I,I,I,S,I,I,S,S,S,I,S,S,I,I,S
0.02,I,I,S,S,I,S,S,I,S,I,S,I,I,S,S,S,I,S,S,I,I,S
0.02,I,I,S,S,I,S,S,I,S,I,S,I,I,S,S,S,I,S,I,I,I,S
0.00,I,I,S,S,I,S,S,I,S,I,S,I,I,S,S,S,S,S,I,I,I,S
0.03,I,I,S,S,I,S,S,I,S,I,S,I,I,I,S,S,S,S,I,I,I,S
0.03,I,I,S,S,I,S,S,I,S,I,S,I,I,I,S,S,I,S,I,I,I,S
0.11,I,I,S,S,I,S,S,I,S,S,S,I,I,I,S,S,I,S,I,I,I,S
0.01,I,I,S,S,I,S,S,I,S,S,S,I,I,I,S,I,I,S,I,I,I,S
0.23,I,I,S,S,I,S,I,I,S,S,S,I,I,I,S,I,I,S,I,I,I,S
0.08,I,I,S,S,I,S,I,I,S,S,S,I,I,I,S,I,I,S,I,S,I,S
0.13,I,I,S,S,I,S,I,I,S,S,S,I,I,I,S,I,I,S,S,S,I,S
0.05,I,I,S,S,S,S,I,I,S,S,S,I,I,I,S,I,I,S,S,S,I,S
0.04,I,I,S,S,S,S,I,I,S,S,S,I,S,I,S,I,I,S,S,S,I,S
0.02,I,I,S,S,S,S,I,I,S,S,S,I,S,I,S,I,S,S,S,S,I,S
0.09,I,I,S,S,S,S,I,I,S,S,S,I,S,I,S,S,S,S,S,S,I,S
0.05,I,I,S,S,S,S,I,I,S,S,S,I,S,I,S,S,S,S,I,S,I,S
0.13,I,I,S,S,S,S,I,I,I,S,S,I,S,I,S,S,S,S,I,S,I,S
0.00,I,I,S,S,S,S,I,I,I,S,S,I,S,S,S,S,S,S,I,S,I,S
0.10,I,I,S,S,S,S,I,I,I,S,S,I,S,I,S,S,S,S,I,S,I,S
0.04,I,I,S,S,S,S,I,I,I,S,S,I,S,S,S,S,S,S,I,S,I,S
0.09,S,I,S,S,S,S,I,I,I,S,S,I,S,S,S,S,S,S,I,S,I,S
0.01,S,I,S,S,S,S,I,I,I,S,S,S,S,S,S,S,S,S,I,S,I,S
0.05,S,S,S,S,S,S,I,I,I,S,S,S,S,S,S,S,S,S,I,S,I,S
0.01,S,S,S,S,I,S,I,I,I,S,S,S,S,S,S,S,S,S,I,S,I,S
0.01,S,S,S,S,I,S,I,I,I,S,S,S,S,S,S,S,S,S,S,S,I,S
0.17,S,S,S,S,S,S,I,I,I,S,S,S,S,S,S,S,S,S,S,S,I,S
0.05,I,S,S,S,S,S,I,I,I,S,S,S,S,S,S,S,S,S,S,S,I,S
0.07,I,S,S,S,S,S,I,S,I,S,S,S,S,S,S,S,S,S,S,S,I,S
0.16,S,S,S,S,S,S,I,S,I,S,S,S,S,S,S,S,S,S,S,S,I,S
0.04,S,S,S,S,S,S,S,S,I,S,S,S,S,S,S,S,S,S,S,S,I,S
0.06,S,S,S,S,S,I,S,S,I,S,S,S,S,S,S,S,S,S,S,S,I,S
0.02,S,S,S,S,S,I,S,S,I,S,S,S,S,S,S,S,S,S,S,S,S,S
0.04,S,S,S,S,S,I,S,S,I,S,S,S,I,S,S,S,S,S,S,S,S,S
0.01,S,S,S,I,S,I,S,S,I,S,S,S,I,S,S,S,S,S,S,S,S,S
0.02,S,S,S,I,S,I,S,S,I,S,S,S,S,S,S,S,S,S,S,S,S,S
0.01,S,S,S,I,S,I,S,S,I,S,S,S,S,S,S,S,S,S,S,S,S,I
0.08,S,S,S,I,S,I,S,S,S,S,S,S,S,S,S,S,S,S,S,S,S,I
0.14,S,S,S,I,S,I,S,S,S,S,I,S,S,S,S,S,S,S,S,S,S,I
0.08,S,S,S,I,S,I,S,S,S,S,I,S,S,S,S,S,S,S,S,I,S,I
0.23,S,S,S,S,S,I,S,S,S,S,I,S,S,S,S,S,S,S,S,I,S,I
0.09,S,S,S,I,S,I,S,S,S,S,I,S,S,S,S,S,S,S,S,I,S,I
0.14,S,S,S,I,S,I,S,I,S,S,I,S,S,S,S,S,S,S,S,I,S,I
0.24,S,I,S,I,S,I,S,I,S,S,I,S,S,S,S,S,S,S,S,I,S,I
0.31,S,I,S,S,S,I,S,I,S,S,I,S,S,S,S,S,S,S,S,I,S,I
0.00,S,I,S,S,S,I,S,I,S,I,I,S,S,S,S,S,S,S,S,I,S,I
0.11,S,I,S,S,S,I,S,I,S,I,I,S,S,S,S,S,S,S,S,S,S,I
0.09,S,I,S,S,S,S,S,I,S,I,I,S,S,S,S,S,S,S,S,S,S,I
0.04,S,I,S,S,S,S,S,I,S,I,S,S,S,S,S,S,S,S,S,S,S,I
0.01,S,I,S,S,S,S,S,S,S,I,S,S,S,S,S,S,S,S,S,S,S,I
0.15,S,I,S,S,S,S,S,S,S,I,S,S,S,S,I,S,S,S,S,S,S,I
0.01,S,I,S,S,S,S,S,S,S,I,S,S,S,S,I,I,S,S,S,S,S,I
0.01,S,I,S,S,S,S,S,S,S,I,S,I,S,S,I,I,S,S,S,S,S,I
0.07,I,I,S,S,S,S,S,S,S,I,S,I,S,S,I,I,S,S,S,S,S,I
0.06,I,I,S,S,S,S,S,S,S,I,S,I,I,S,I,I,S,S,S,S,S,I
0.16,S,I,S,S,S,S,S,S,S,I,S,I,I,S,I,I,S,S,S,S,S,I
0.04,S,I,S,S,S,S,S,S,S,I,S,I,I,S,I,I,S,S,I,S,S,I
0.01,S,S,S,S,S,S,S,S,S,I,S,I,I,S,I,I,S,S,I,S,S,I
0.03,S,S,S,S,S,S,S,S,S,I,S,I,S,S,I,I,S,S,I,S,S,I
0.15,S,S,S,I,S,S,S,S,S,I,S,I,S,S,I,I,S,S,I,S,S,I
0.00,S,S,S,I,S,S,S,S,S,I,S,I,S,S,I,I,S,I,I,S,S,I
0.03,S,S,S,I,S,S,S,S,S,I,S,I,S,S,I,I,S,I,I,S,S,S
0.03,S,S,S,I,S,S,S,S,S,I,S,I,S,S,I,S,S,I,I,S,S,S
0.17,I,S,S,I,S,S,S,S,S,I,S,I,S,S,I,S,S,I,I,S,S,S
0.04,I,S,S,I,S,S,S,S,S,I,S,I,S,S,I,S,S,S,I,S,S,S
0.42,I,I,S,I,S,S,S,S,S,I,S,I,S,S,I,S,S,S,I,S,S,S
0.03,I,I,S,I,S,S,S,S,S,S,S,I,S,S,I,S,S,S,I,S,S,S
0.03,I,I,S,I,S,S,S,S,S,S,S,I,S,I,I,S,S,S,I,S,S,S
0.10,I,I,S,I,S,S,S,S,S,S,S,S,S,I,I,S,S,S,I,S,S,S
0.05,I,I,S,I,I,S,S,S,S,S,S,S,S,I,I,S,S,S,I,S,S,S
0.06,I,I,S,I,I,S,S,S,S,S,S,S,S,I,I,S,I,S,I,S,S,S
0.00,I,I,S,I,I,I,S,S,S,S,S,S,S,I,I,S,I,S,I,S,S,S
0.06,I,I,S,I,I,I,S,S,S,S,S,S,S,I,I,S,I,S,I,S,S,I
0.00,I,I,S,I,I,S,S,S,S,S,S,S,S,I,I,S,I,S,I,S,S,I
0.13,I,I,S,I,I,S,I,S,S,S,S,S,S,I,I,S,I,S,I,S,S,I
0.00,I,I,S,I,S,S,I,S,S,S,S,S,S,I,I,S,I,S,I,S,S,I
0.17,I,S,S,I,S,S,I,S,S,S,S,S,S,I,I,S,I,S,I,S,S,I
0.19,I,S,S,I,S,S,I,S,S,S,S,S,S,I,S,S,I,S,I,S,S,I
0.01,I,S,S,I,S,I,I,S,S,S,S,S,S,I,S,S,I,S,I,S,S,I
0.07,I,S,S,I,S,I,I,S,S,S,S,S,S,I,S,S,I,S,I,S,I,I
0.01,I,S,S,I,S,I,I,S,S,S,S,S,S,I,S,S,S,S,I,S,I,I
0.02,S,S,S,I,S,I,I,S,S,S,S,S,S,I,S,S,S,S,I,S,I,I
0.01,S,S,I,I,S,I,I,S,S,S,S,S,S,I,S,S,S,S,I,S,I,I
0.07,S,S,S,I,S,I,I,S,S,S,S,S,S,I,S,S,S,S,I,S,I,I
0.00,S,S,S,I,S,I,I,S,S,I,S,S,S,I,S,S,S,S,I,S,I,I
0.05,S,S,S,I,S,I,I,S,S,S,S,S,S,I,S,S,S,S,I,S,I,I
0.09,S,S,S,I,S,S,I,S,S,S,S,S,S,I,S,S,S,S,I,S,I,I
0.03,S,S,S,I,S,S,I,S,S,S,S,S,S,I,S,S,S,S,S,S,I,I
0.07,S,I,S,I,S,S,I,S,S,S,S,S,S,I,S,S,S,S,S,S,I,I
0.03,S,I,S,I,S,S,I,S,S,S,S,S,S,I,S,S,S,S,S,S,S,I
0.02,S,I,S,I,S,S,I,I,S,S,S,S,S,I,S,S,S,S,S,S,S,I
0.07,S,I,S,S,S,S,I,I,S,S,S,S,S,I,S,S,S,S,S,S,S,I
0.13,S,I,S,S,S,S,I,I,S,S,S,S,I,I,S,S,S,S,S,S,S,I
0.03,S,I,S,S,S,S,I,I,S,S,S,S,I,I,S,I,S,S,S,S,S,I
0.02,S,S,S,S,S,S,I,I,S,S,S,S,I,I,S,I,S,S,S,S,S,I
0.05,S,S,S,S,S,S,I,I,S,S,S,S,S,I,S,I,S,S,S,S,S,I
0.01,S,S,S,S,S,S,I,I,S,S,S,S,S,I,S,I,S,S,S,S,S,S
0.21,S,S,S,S,S,S,I,I,S,S,S,S,S,I,S,S,S,S,S,S,S,S
0.15,S,S,S,S,S,S,S,I,S,S,S,S,S,I,S,S,S,S,S,S,S,S
0.13,S,S,S,S,S,S,S,I,S,S,S,S,S,S,S,S,S,S,S,S,S,S
0.00,S,S,S,S,S,S,S,I,S,I,S,S,S,S,S,S,S,S,S,S,S,S
0.36,S,S,S,S,S,S,I,I,S,I,S,S,S,S,S,S,S,S,S,S,S,S
0.02,S,S,S,S,S,S,I,I,S,I,S,S,S,S,S,S,S,S,I,S,S,S
0.08,S,S,S,S,S,S,I,I,S,I,S,S,S,S,S,S,S,S,S,S,S,S
0.06,S,S,S,S,S,S,I,I,S,S,S,S,S,S,S,S,S,S,S,S,S,S
0.08,I,S,S,S,S,S,I,I,S,S,S,S,S,S,S,S,S,S,S,S,S,S
0.12,I,S,S,S,S,S,I,I,S,S,S,S,S,S,S,S,I,S,S,S,S,S
0.03,I,S,S,S,I,S,I,I,S,S,S,S,S,S,S,S,I,S,S,S,S,S
0.03,I,S,S,S,I,S,I,S,S,S,S,S,S,S,S,S,I,S,S,S,S,S
0.07,I,S,S,S,I,S,S,S,S,S,S,S,S,S,S,S,I,S,S,S,S,S
0.06,I,S,S,S,I,S,S,S,S,S,S,S,S,S,S,I,I,S,S,S,S,S
0.02,I,S,S,I,I,S,S,S,S,S,S,S,S,S,S,I,I,S,S,S,S,S
0.00,S,S,S,I,I,S,S,S,S,S,S,S,S,S,S,I,I,S,S,S,S,S
0.04,S,S,S,I,S,S,S,S,S,S,S,S,S,S,S,I,I,S,S,S,S,S
0.14,S,S,S,I,S,S,S,S,S,S,S,S,S,S,S,S,I,S,S,S,S,S
0.03,S,S,I,I,S,S,S,S,S,S,S,S,S,S,S,S,I,S,S,S,S,S
0.07,S,S,I,S,S,S,S,S,S,S,S,S,S,S,S,S,I,S,S,S,S,S
0.04,S,S,I,S,S,S,S,I,S,S,S,S,S,S,S,S,I,S,S,S,S,S
0.04,S,S,I,S,S,S,S,I,S,S,S,S,S,I,S,S,I,S,S,S,S,S
0.01,S,S,S,S,S,S,S,I,S,S,S,S,S,I,S,S,I,S,S,S,S,S
0.02,S,S,S,S,S,S,S,S,S,S,S,S,S,I,S,S,I,S,S,S,S,S
0.00,S,I,S,S,S,S,S,S,S,S,S,S,S,I,S,S,I,S,S,S,S,S
0.13,S,I,I,S,S,S,S,S,S,S,S,S,S,I,S,S,I,S,S,S,S,S
0.04,S,I,I,S,S,S,S,S,S,S,S,S,S,I,S,S,I,I,S,S,S,S
0.03,S,I,I,S,S,S,S,S,S,S,S,S,S,I,I,S,I,I,S,S,S,S
0.05,S,I,I,S,S,S,S,S,S,S,S,S,S,I,I,S,I,I,S,S,I,S
0.05,S,I,I,S,S,S,S,S,S,S,S,S,S,S,I,S,I,I,S,S,I,S
0.17,S,I,I,S,S,S,S,S,S,S,S,S,S,S,I,S,I,I,S,S,S,S
0.09,S,I,I,S,S,S,S,S,S,S,S,S,S,I,I,S,I,I,S,S,S,S
0.13,S,I,I,S,S,S,S,S,S,S,S,S,S,I,I,S,S,I,S,S,S,S
0.04,S,S,I,S,S,S,S,S,S,S,S,S,S,I,I,S,S,I,S,S,S,S
0.05,S,S,I,S,S,S,S,S,S,S,S,S,S,I,I,S,S,S,S,S,S,S
0.09,S,S,I,S,S,S,S,S,S,S,S,S,S,S,I,S,S,S,S,S,S,S
0.00,S,S,I,I,S,S,S,S,S,S,S,S,S,S,I,S,S,S,S,S,S,S
0.12,S,S,I,S,S,S,S,S,S,S,S,S,S,S,I,S,S,S,S,S,S,S
0.00,S,S,I,S,I,S,S,S,S,S,S,S,S,S,I,S,S,S,S,S,S,S
0.07,S,S,I,S,I,S,S,S,S,S,S,S,S,S,I,S,S,S,S,I,S,S
0.01,S,S,I,S,I,S,S,S,S,S,S,I,S,S,I,S,S,S,S,I,S,S
0.02,S,S,I,S,I,S,S,S,S,S,I,I,S,S,I,S,S,S,S,I,S,S
0.01,S,S,I,S,I,S,S,S,S,S,I,I,S,S,I,S,S,S,S,I,I,S
0.01,S,S,I,S,I,S,S,S,S,S,S,I,S,S,I,S,S,S,S,I,I,S
0.14,S,S,I,S,I,S,S,S,S,S,S,I,S,S,S,S,S,S,S,I,I,S
0.09,S,S,S,S,I,S,S,S,S,S,S,I,S,S,S,S,S,S,S,I,I,S
0.13,S,S,S,S,I,I,S,S,S,S,S,I,S,S,S,S,S,S,S,I,I,S
0.17,S,S,S,S,S,I,S,S,S,S,S,I,S,S,S,S,S,S,S,I,I,S
0.14,I,S,S,S,S,I,S,S,S,S,S,I,S,S,S,S,S,S,S,I,I,S
0.10,I,S,S,S,S,I,S,I,S,S,S,I,S,S,S,S,S,S,S,I,I,S
0.04,I,S,S,S,S,I,S,I,S,S,S,I,S,S,S,S,S,S,I,I,I,S
0.00,I,S,S,S,S,I,S,I,I,S,S,I,S,S,S,S,S,S,I,I,I,S
0.00,I,S,S,S,S,I,S,I,I,S,S,I,S,I,S,S,S,S,I,I,I,S
0.10,I,S,S,S,S,I,S,S,I,S,S,I,S,I,S,S,S,S,I,I,I,S
0.04,I,S,S,S,S,I,S,S,I,S,S,S,S,I,S,S,S,S,I,I,I,S
0.03,I,I,S,S,S,I,S,S,I,S,S,S,S,I,S,S,S,S,I,I,I,S
0.02,I,I,S,S,S,I,S,S,I,S,S,S,S,I,S,S,S,S,I,I,S,S
0.09,I,I,S,S,S,I,S,S,S,S,S,S,S,I,S,S,S,S,I,I,S,S
0.02,I,I,S,S,I,I,S,S,S,S,S,S,S,I,S,S,S,S,I,I,S,S
0.02,I,I,S,S,I,I,S,S,S,S,S,S,S,I,S,S,I,S,I,I,S,S
0.07,I,I,S,S,I,I,S,S,S,S,S,I,S,I,S,S,I,S,I,I,S,S
0.29,I,I,S,S,I,I,S,S,S,S,S,I,S,I,S,S,I,S,I,I,S,I
0.01,I,I,S,S,I,I,S,S,S,S,S,I,S,I,S,S,I,S,S,I,S,I
0.15,I,I,S,S,I,I,S,S,S,S,S,I,S,S,S,S,I,S,S,I,S,I
0.05,I,S,S,S,I,I,S,S,S,S,S,I,S,S,S,S,I,S,S,I,S,I
0.14,I,S,I,S,I,I,S,S,S,S,S,I,S,S,S,S,I,S,S,I,S,I
0.01,I,S,I,S,I,S,S,S,S,S,S,I,S,S,S,S,I,S,S,I,S,I
0.25,I,I,I,S,I,S,S,S,S,S,S,I,S,S,S,S,I,S,S,I,S,I
0.01,I,I,I,S,I,S,S,S,S,S,S,I,S,S,S,S,I,S,S,I,S,S
0.03,I,I,I,S,I,S,S,S,S,S,S,I,S,S,I,S,I,S,S,I,S,S
0.18,I,I,I,S,I,S,I,S,S,S,S,I,S,S,I,S,I,S,S,I,S,S
0.02,I,I,I,S,I,S,I,S,S,S,S,I,S,S,I,S,I,S,S,I,I,S
0.06,I,I,I,S,S,S,I,S,S,S,S,I,S,S,I,S,I,S,S,I,I,S
0.10,I,I,I,S,S,S,S,S,S,S,S,I,S,S,I,S,I,S,S,I,I,S
0.04,I,I,I,I,S,S,S,S,S,S,S,I,S,S,I,S,I,S,S,I,I,S
0.01,I,I,I,I,S,S,S,S,S,S,S,I,I,S,I,S,I,S,S,I,I,S
0.19,I,I,I,I,S,S,S,S,S,S,S,I,I,S,I,S,I,S,I,I,I,S
0.01,I,I,I,I,S,S,S,S,S,I,S,I,I,S,I,S,I,S,I,I,I,S
0.03,I,S,I,I,S,S,S,S,S,I,S,I,I,S,I,S,I,S,I,I,I,S
0.05,I,S,S,I,S,S,S,S,S,I,S,I,I,S,I,S,I,S,I,I,I,S
0.16,I,S,S,I,S,S,S,I,S,I,S,I,I,S,I,S,I,S,I,I,I,S
0.01,I,S,S,S,S,S,S,I,S,I,S,I,I,S,I,S,I,S,I,I,I,S
0.06,I,S,I,S,S,S,S,I,S,I,S,I,I,S,I,S,I,S,I,I,I,S
0.02,I,S,I,S,S,S,S,I,S,I,I,I,I,S,I,S,I,S,I,I,I,S
0.05,I,S,I,S,S,S,S,I,S,I,I,I,I,S,I,I,I,S,I,I,I,S
0.04,I,S,I,S,S,S,S,I,S,I,I,I,I,S,I,I,I,S,I,S,I,S
0.04,I,S,I,S,S,S,S,I,S,I,S,I,I,S,I,I,I,S,I,S,I,S
0.03,I,S,I,S,S,S,S,I,S,I,S,I,S,S,I,I,I,S,I,S,I,S
0.04,I,S,I,S,S,S,S,S,S,I,S,I,S,S,I,I,I,S,I,S,I,S
0.06,I,S,I,S,S,S,S,S,S,I,S,I,S,S,I,S,I,S,I,S,I,S
0.03,I,S,I,S,S,S,S,S,S,I,S,S,S,S,I,S,I,S,I,S,I,S
0.05,I,S,I,S,S,S,S,S,S,I,S,S,S,S,I,I,I,S,I,S,I,S
0.08,I,S,I,S,S,S,S,S,S,I,S,S,S,S,I,S,I,S,I,S,I,S
0.12,I,S,I,S,S,S,S,S,S,I,S,S,S,S,I,S,I,S,I,S,S,S
0.01,I,S,I,S,S,S,S,S,S,I,S,S,S,S,I,S,I,S,I,S,I,S
0.07,I,S,S,S,S,S,S,S,S,I,S,S,S,S,I,S,I,S,I,S,I,S
0.06,I,S,S,S,S,S,S,S,S,S,S,S,S,S,I,S,I,S,I,S,I,S
0.03,I,S,S,S,S,S,S,S,S,S,S,S,S,S,I,S,I,S,S,S,I,S
0.14,I,S,S,S,S,S,S,I,S,S,S,S,S,S,I,S,I,S,S,S,I,S
0.04,I,S,I,S,S,S,S,I,S,S,S,S,S,S,I,S,I,S,S,S,I,S
0.01,I,S,I,S,S,I,S,I,S,S,S,S,S,S,I,S,I,S,S,S,I,S
0.10,I,S,I,S,S,S,S,I,S,S,S,S,S,S,I,S,I,S,S,S,I,S
0.05,I,S,I,S,S,S,S,I,S,S,S,I,S,S,I,S,I,S,S,S,I,S
0.02,I,S,I,S,S,S,I,I,S,S,S,I,S,S,I,S,I,S,S,S,I,S
0.41,I,S,I,S,S,S,I,I,S,S,S,I,S,S,I,S,I,S,S,S,S,S
0.10,I,S,I,S,S,S,I,I,S,S,I,I,S,S,I,S,I,S,S,S,S,S
0.02,I,S,I,I,S,S,I,I,S,S,I,I,S,S,I,S,I,S,S,S,S,S
0.04,I,S,I,I,S,I,I,I,S,S,I,I,S,S,I,S,I,S,S,S,S,S
0.09,I,S,I,I,S,S,I,I,S,S,I,I,S,S,I,S,I,S,S,S,S,S
0.01,I,S,I,I,S,S,I,S,S,S,I,I,S,S,I,S,I,S,S,S,S,S
0.02,I,S,I,I,S,S,I,S,S,S,I,S,S,S,I,S,I,S,S,S,S,S
0.02,I,S,I,I,S,S,I,S,S,S,I,I,S,S,I,S,I,S,S,S,S,S
0.04,I,S,I,I,S,S,I,S,I,S,I,I,S,S,I,S,I,S,S,S,S,S
0.16,I,S,I,I,I,S,I,S,I,S,I,I,S,S,I,S,I,S,S,S,S,S
0.03,I,S,I,I,I,S,I,S,I,S,I,I,S,S,I,S,S,S,S,S,S,S
0.02,I,S,I,I,I,S,I,S,I,S,S,I,S,S,I,S,S,S,S,S,S,S
0.02,I,S,I,I,I,S,I,S,I,S,S,I,S,S,I,S,S,S,S,S,S,I
0.06,I,S,I,S,I,S,I,S,I,S,S,I,S,S,I,S,S,S,S,S,S,I
0.16,I,S,I,S,I,S,I,S,I,S,S,I,S,S,I,S,S,S,S,I,S,I
0.03,I,S,I,S,I,S,I,S,I,S,S,S,S,S,I,S,S,S,S,I,S,I
0.02,I,S,S,S,I,S,I,S,I,S,S,S,S,S,I,S,S,S,S,I,S,I
0.03,I,S,S,S,I,S,I,S,I,S,S,S,S,S,I,S,S,S,S,I,S,S
0.03,I,S,S,S,I,S,I,S,I,S,S,S,S,S,I,S,S,S,S,I,I,S
0.02,S,S,S,S,I,S,I,S,I,S,S,S,S,S,I,S,S,S,S,I,I,S
0.09,S,S,S,S,I,S,I,I,I,S,S,S,S,S,I,S,S,S,S,I,I,S
0.01,S,S,S,S,I,I,I,I,I,S,S,S,S,S,I,S,S,S,S,I,I,S
0.01,S,S,I,S,I,I,I,I,I,S,S,S,S,S,I,S,S,S,S,I,I,S
0.05,S,S,I,S,I,I,I,I,I,S,S,S,S,S,I,S,S,S,S,I,I,I
0.17,S,S,I,S,I,I,I,I,I,S,S,S,S,S,I,S,S,S,S,I,I,S
0.06,S,S,I,S,I,I,I,I,S,S,S,S,S,S,I,S,S,S,S,I,I,S
0.01,S,S,I,S,I,I,I,I,S,S,S,S,S,S,S,S,S,S,S,I,I,S
0.00,S,S,I,S,I,I,I,S,S,S,S,S,S,S,S,S,S,S,S,I,I,S
0.13,S,S,I,S,I,I,I,S,I,S,S,S,S,S,S,S,S,S,S,I,I,S
0.32,S,S,I,S,S,I,I,S,I,S,S,S,S,S,S,S,S,S,S,I,I,S
0.04,S,S,I,S,S,I,I,S,S,S,S,S,S,S,S,S,S,S,S,I,I,S
0.10,S,S,I,S,S,I,I,S,S,S,S,S,S,I,S,S,S,S,S,I,I,S
0.09,S,S,I,S,S,I,I,I,S,S,S,S,S,I,S,S,S,S,S,I,I,S
0.50,S,S,I,S,S,I,S,I,S,S,S,S,S,I,S,S,S,S,S,I,I,S
0.00,S,S,I,S,S,I,I,I,S,S,S,S,S,I,S,S,S,S,S,I,I,S
0.05,S,S,I,S,S,I,I,I,S,S,S,S,S,I,S,S,S,S,S,S,I,S
0.03,S,S,I,S,I,I,I,I,S,S,S,S,S,I,S,S,S,S,S,S,I,S
0.00,S,S,I,S,I,S,I,I,S,S,S,S,S,I,S,S,S,S,S,S,I,S
0.11,S,S,I,I,I,S,I,I,S,S,S,S,S,I,S,S,S,S,S,S,I,S
0.04,S,S,I,I,I,S,I,I,S,I,S,S,S,I,S,S,S,S,S,S,I,S
0.02,S,S,I,I,I,S,I,I,S,I,S,S,S,I,S,S,S,S,S,I,I,S
0.02,S,S,I,I,I,S,S,I,S,I,S,S,S,I,S,S,S,S,S,I,I,S
0.03,S,S,I,I,I,S,S,I,S,S,S,S,S,I,S,S,S,S,S,I,I,S
0.02,S,S,I,I,I,S,S,I,S,S,S,S,I,I,S,S,S,S,S,I,I,S
0.01,S,S,I,I,I,S,S,I,S,S,S,S,S,I,S,S,S,S,S,I,I,S
0.01,S,S,I,S,I,S,S,I,S,S,S,S,S,I,S,S,S,S,S,I,I,S
0.01,S,S,I,S,I,S,S,I,S,S,S,S,S,I,S,S,S,S,S,I,I,I
0.38,S,S,I,S,I,S,S,I,S,S,S,S,S,I,S,S,S,S,S,I,S,I
0.06,S,S,I,S,I,S,S,I,S,S,S,S,I,I,S,S,S,S,S,I,S,I
0.03,S,S,I,S,I,S,S,I,S,S,S,S,I,S,S,S,S,S,S,I,S,I
0.10,S,S,I,S,I,S,S,I,S,S,S,S,I,S,S,S,S,I,S,I,S,I
0.19,S,S,I,S,I,S,S,I,S,S,I,S,I,S,S,S,S,I,S,I,S,I
0.03,S,S,I,S,I,S,S,S,S,S,I,S,I,S,S,S,S,I,S,I,S,I
0.07,S,S,I,S,I,S,S,S,S,S,I,S,I,S,S,S,S,S,S,I,S,I
0.13,S,S,S,S,I,S,S,S,S,S,I,S,I,S,S,S,S,S,S,I,S,I
0.03,S,S,S,S,I,S,S,S,S,S,I,S,S,S,S,S,S,S,S,I,S,I
0.14,S,S,S,S,I,S,S,S,I,S,I,S,S,S,S,S,S,S,S,I,S,I
0.02,S,S,S,S,I,S,S,S,I,S,I,S,S,S,S,S,I,S,S,I,S,I
0.00,S,S,S,S,I,S,S,S,I,S,I,S,S,S,I,S,I,S,S,I,S,I
0.07,S,S,S,S,I,S,S,S,I,I,I,S,S,S,I,S,I,S,S,I,S,I
0.05,S,I,S,S,I,S,S,S,I,I,I,S,S,S,I,S,I,S,S,I,S,I
0.43,S,I,S,S,I,S,S,S,I,I,I,S,S,S,S,S,I,S,S,I,S,I
0.03,S,I,S,S,I,S,S,S,I,I,S,S,S,S,S,S,I,S,S,I,S,I
0.00,S,I,S,S,I,S,I,S,I,I,S,S,S,S,S,S,I,S,S,I,S,I
0.05,S,I,S,S,I,S,I,S,I,S,S,S,S,S,S,S,I,S,S,I,S,I
0.00,S,I,S,S,I,S,I,S,S,S,S,S,S,S,S,S,I,S,S,I,S,I
0.03,S,I,S,S,I,S,I,S,S,S,S,S,S,S,S,S,I,S,S,I,S,S
0.05,S,I,S,S,I,S,I,S,S,S,S,S,S,S,S,S,I,S,S,I,S,I
0.13,S,S,S,S,I,S,I,S,S,S,S,S,S,S,S,S,I,S,S,I,S,I
0.08,S,S,S,S,I,S,S,S,S,S,S,S,S,S,S,S,I,S,S,I,S,I
0.13,S,S,S,S,S,S,S,S,S,S,S,S,S,S,S,S,I,S,S,I,S,I
0.05,S,S,S,S,S,S,S,S,S,S,S,S,S,S,S,S,I,S,S,S,S,I
0.08,S,S,S,S,S,S,S,S,S,S,S,S,S,S,S,S,I,I,S,S,S,I
0.01,S,S,S,S,S,S,S,S,I,S,S,S,S,S,S,S,I,I,S,S,S,I
0.02,S,S,S,S,S,S,I,S,I,S,S,S,S,S,S,S,I,I,S,S,S,I
0.03,S,S,S,S,S,S,I,I,I,S,S,S,S,S,S,S,I,I,S,S,S,I
0.12,S,I,S,S,S,S,I,I,I,S,S,S,S,S,S,S,I,I,S,S,S,I
0.03,S,I,S,S,S,S,I,S,I,S,S,S,S,S,S,S,I,I,S,S,S,I
0.13,S,I,S,S,S,S,I,S,S,S,S,S,S,S,S,S,I,I,S,S,S,I
0.04,S,I,S,S,S,S,I,S,S,S,S,S,S,S,S,S,I,I,S,I,S,I
0.07,S,I,S,S,S,S,I,S,S,S,S,S,S,S,S,S,I,I,S,S,S,I
0.20,S,I,S,S,S,S,S,S,S,S,S,S,S,S,S,S,I,I,S,S,S,I
0.05,S,I,S,S,S,S,S,S,S,S,S,S,S,S,S,S,I,S,S,S,S,I
0.00,S,I,S,S,S,S,S,S,S,S,S,S,S,S,S,S,I,I,S,S,S,I
0.02,S,I,S,S,S,S,S,S,S,S,S,I,S,S,S,S,I,I,S,S,S,I
0.16,S,I,S,S,S,S,S,S,S,S,S,I,S,I,S,S,I,I,S,S,S,I
0.07,S,I,S,S,S,S,S,S,S,S,S,I,S,I,S,I,I,I,S,S,S,I
0.01,S,I,S,S,S,S,S,S,S,S,S,I,S,I,S,I,I,I,S,I,S,I
0.00,S,I,S,S,S,S,S,S,S,S,S,I,S,I,S,I,I,I,S,I,S,S
0.11,S,I,S,S,S,S,S,S,S,S,S,I,S,I,I,I,I,I,S,I,S,S
0.11,S,I,S,S,S,S,S,S,S,S,S,I,S,I,I,I,I,I,S,I,I,S
0.00,S,I,S,S,S,S,S,S,S,S,S,I,S,I,I,I,I,I,I,I,I,S
0.11,S,I,S,S,S,S,S,I,S,S,S,I,S,I,I,I,I,I,I,I,I,S
0.02,S,I,I,S,S,S,S,I,S,S,S,I,S,I,I,I,I,I,I,I,I,S
0.03,S,I,S,S,S,S,S,I,S,S,S,I,S,I,I,I,I,I,I,I,I,S
0.02,S,I,S,S,S,S,S,I,S,S,S,I,S,I,I,I,S,I,I,I,I,S
0.10,S,I,S,S,S,S,S,I,S,S,S,I,I,I,I,I,S,I,I,I,I,S
0.08,S,I,S,S,S,S,S,I,S,S,S,I,I,S,I,I,S,I,I,I,I,S
0.03,S,I,S,S,S,S,S,S,S,S,S,I,I,S,I,I,S,I,I,I,I,S
0.07,S,I,S,S,S,S,S,S,S,S,S,I,S,S,I,I,S,I,I,I,I,S
0.04,S,I,S,S,S,S,S,S,S,S,S,I,S,S,I,I,I,I,I,I,I,S
0.04,S,I,S,S,S,S,I,S,S,S,S,I,S,S,I,I,I,I,I,I,I,S
0.09,S,I,S,S,S,S,I,S,S,S,S,I,S,S,I,I,I,I,I,S,I,S
0.02,S,I,S,S,S,S,I,S,S,S,S,I,I,S,I,I,I,I,I,S,I,S
0.00,S,I,S,S,S,S,I,S,S,S,S,I,S,S,I,I,I,I,I,S,I,S
0.02,I,I,S,S,S,S,I,S,S,S,S,I,S,S,I,I,I,I,I,S,I,S
0.01,I,I,S,S,S,S,S,S,S,S,S,I,S,S,I,I,I,I,I,S,I,S
0.07,I,I,S,S,S,S,S,S,S,S,S,I,S,S,I,I,I,S,I,S,I,S
0.03,I,I,S,S,S,S,S,S,S,S,S,I,S,S,S,I,I,S,I,S,I,S
0.09,I,I,S,S,S,S,S,S,S,S,S,I,S,S,S,I,S,S,I,S,I,S
0.00,I,I,S,S,S,S,S,S,S,S,S,I,S,S,S,I,S,S,I,S,S,S
0.05,I,I,S,S,S,S,S,S,S,S,S,I,S,S,S,I,I,S,I,S,S,S
0.03,I,I,S,S,S,S,I,S,S,S,S,I,S,S,S,I,I,S,I,S,S,S
0.17,I,I,S,S,S,S,I,S,S,S,S,I,S,S,S,I,I,S,I,S,S,I
0.06,I,I,S,S,S,S,I,S,S,S,S,I,S,S,S,I,I,S,S,S,S,I
0.17,I,I,S,S,S,S,S,S,S,S,S,I,S,S,S,I,I,S,S,S,S,I
0.04,I,S,S,S,S,S,S,S,S,S,S,I,S,S,S,I,I,S,S,S,S,I
0.28,I,S,S,S,S,S,S,S,S,S,S,S,S,S,S,I,I,S,S,S,S,I
0.23,I,S,S,S,S,S,S,S,S,S,S,S,S,S,S,I,I,I,S,S,S,I
0.08,I,S,S,S,S,S,S,S,S,S,S,S,S,S,S,I,I,S,S,S,S,I
0.02,I,S,S,S,S,S,S,S,S,S,S,S,S,S,S,S,I,S,S,S,S,I
0.01,I,S,S,I,S,S,S,S,S,S,S,S,S,S,S,S,I,S,S,S,S,I
0.11,I,S,S,I,S,S,S,S,S,S,S,S,S,S,S,S,S,S,S,S,S,I
0.01,I,S,S,S,S,S,S,S,S,S,S,S,S,S,S,S,S,S,S,S,S,I
0.02,I,S,S,S,S,I,S,S,S,S,S,S,S,S,S,S,S,S,S,S,S,I
0.24,I,I,S,S,S,I,S,S,S,S,S,S,S,S,S,S,S,S,S,S,S,I
0.10,I,S,S,S,S,I,S,S,S,S,S,S,S,S,S,S,S,S,S,S,S,I
0.26,I,S,S,S,S,I,S,I,S,S,S,S,S,S,S,S,S,S,S,S,S,I
0.00,I,S,S,S,S,I,S,I,S,S,S,S,S,S,S,S,S,S,I,S,S,I
0.01,I,S,S,S,S,I,S,I,S,S,S,S,S,S,S,S,S,S,S,S,S,I
0.01,S,S,S,S,S,I,S,I,S,S,S,S,S,S,S,S,S,S,S,S,S,I
0.15,S,S,S,S,S,I,S,S,S,S,S,S,S,S,S,S,S,S,S,S,S,I
0.00,S,S,S,S,S,I,S,S,S,S,S,S,S,S,S,S,S,I,S,S,S,I
0.35,S,I,S,S,S,I,S,S,S,S,S,S,S,S,S,S,S,I,S,S,S,I
0.04,S,I,S,S,S,I,S,S,S,S,S,I,S,S,S,S,S,I,S,S,S,I
0.04,S,I,S,S,S,I,S,S,S,S,S,S,S,S,S,S,S,I,S,S,S,I
0.01,S,I,S,S,S,S,S,S,S,S,S,S,S,S,S,S,S,I,S,S,S,I
0.08,S,I,S,S,S,S,S,I,S,S,S,S,S,S,S,S,S,I,S,S,S,I
0.04,S,I,S,S,S,S,S,I,S,S,S,S,S,S,S,S,S,I,I,S,S,I
0.04,S,I,S,S,S,S,S,I,I,S,S,S,S,S,S,S,S,I,I,S,S,I
0.07,S,S,S,S,S,S,S,I,I,S,S,S,S,S,S,S,S,I,I,S,S,I
0.09,S,S,S,S,S,S,S,I,I,S,S,S,S,S,S,I,S,I,I,S,S,I
0.06,S,S,S,S,S,S,S,I,I,S,S,S,S,S,S,S,S,I,I,S,S,I
0.19,S,S,S,I,S,S,S,I,I,S,S,S,S,S,S,S,S,I,I,S,S,I
0.16,S,S,S,I,I,S,S,I,I,S,S,S,S,S,S,S,S,I,I,S,S,I
0.00,S,S,S,I,I,S,S,I,I,S,S,S,S,S,S,S,S,I,I,I,S,I
0.01,S,S,S,I,I,S,S,I,S,S,S,S,S,S,S,S,S,I,I,I,S,I
0.09,S,S,S,I,I,S,S,I,S,S,S,S,S,S,S,S,S,I,I,S,S,I
0.00,S,S,S,I,I,S,S,I,S,S,S,S,S,S,S,S,S,S,I,S,S,I
0.02,S,S,S,I,I,S,S,I,S,S,S,S,S,S,S,S,S,S,I,S,S,S
0.18,S,S,S,I,I,S,S,I,S,S,S,S,S,S,S,S,S,S,S,S,S,S
0.18,S,S,S,I,S,S,S,I,S,S,S,S,S,S,S,S,S,S,S,S,S,S
0.01,S,S,S,I,S,S,S,I,I,S,S,S,S,S,S,S,S,S,S,S,S,S
0.05,S,S,S,I,S,S,I,I,I,S,S,S,S,S,S,S,S,S,S,S,S,S
0.06,S,S,S,I,S,S,I,I,I,S,S,S,S,S,I,S,S,S,S,S,S,S
0.00,S,S,S,S,S,S,I,I,I,S,S,S,S,S,I,S,S,S,S,S,S,S
0.08,S,S,S,S,S,S,I,I,I,S,S,S,S,S,I,S,I,S,S,S,S,S
0.01,S,S,S,S,S,S,I,I,I,S,S,I,S,S,I,S,I,S,S,S,S,S
0.05,S,S,S,S,S,I,I,I,I,S,S,I,S,S,I,S,I,S,S,S,S,S
0.02,S,S,S,S,S,I,I,I,I,S,S,I,S,S,S,S,I,S,S,S,S,S
0.39,S,S,S,S,S,I,I,I,I,S,S,I,S,S,S,S,I,S,S,S,S,I
0.22,S,S,S,S,S,I,I,I,I,S,S,S,S,S,S,S,I,S,S,S,S,I
0.13,S,S,S,S,S,I,I,I,I,S,S,S,S,I,S,S,I,S,S,S,S,I
0.01,S,S,S,S,S,I,S,I,I,S,S,S,S,I,S,S,I,S,S,S,S,I
0.22,S,S,S,S,S,I,S,I,I,S,S,S,S,I,S,S,S,S,S,S,S,I
0.03,S,S,S,S,S,I,S,I,I,S,S,S,S,S,S,S,S,S,S,S,S,I
0.01,S,S,S,S,S,S,S,I,I,S,S,S,S,S,S,S,S,S,S,S,S,I
0.09,S,S,S,S,S,S,S,I,I,I,S,S,S,S,S,S,S,S,S,S,S,I
0.16,S,S,S,S,S,S,S,I,I,I,S,S,S,S,S,S,S,S,S,I,S,I
0.03,S,S,S,S,S,S,S,I,I,S,S,S,S,S,S,S,S,S,S,I,S,I
0.03,S,S,S,S,S,S,S,I,S,S,S,S,S,S,S,S,S,S,S,I,S,I
0.03,S,S,S,S,S,S,S,I,S,S,S,S,S,S,S,S,S,I,S,I,S,I
0.06,S,S,S,S,S,S,S,I,S,S,S,S,S,S,S,S,I,I,S,I,S,I
0.08,S,S,S,S,S,S,S,S,S,S,S,S,S,S,S,S,I,I,S,I,S,I
0.04,S,S,S,S,S,S,S,S,S,S,S,S,S,S,S,S,I,I,S,S,S,I
0.04,S,S,S,S,S,S,S,S,I,S,S,S,S,S,S,S,I,I,S,S,S,I
0.10,S,S,S,S,S,S,I,S,I,S,S,S,S,S,S,S,I,I,S,S,S,I
0.01,S,S,S,S,S,S,I,S,S,S,S,S,S,S,S,S,I,I,S,S,S,I
0.01,S,S,S,S,S,S,I,S,S,S,S,S,S,S,S,S,I,I,S,S,S,S
0.04,S,S,S,S,S,S,I,S,S,S,S,S,S,S,S,I,I,I,S,S,S,S
0.05,S,S,S,S,S,S,I,S,S,S,S,S,S,S,S,I,I,I,S,I,S,S
0.17,S,S,S,S,S,S,I,S,S,S,S,S,I,S,S,I,I,I,S,I,S,S
0.15,S,S,S,S,S,S,I,S,S,S,S,S,I,S,S,I,I,S,S,I,S,S
0.06,S,S,S,S,S,S,I,S,S,S,S,S,I,S,S,I,S,S,S,I,S,S
0.04,S,S,S,S,S,S,I,S,S,S,S,S,I,S,S,I,S,S,S,S,S,S
0.22,S,S,S,S,S,S,I,S,S,S,S,I,I,S,S,I,S,S,S,S,S,S
0.37,S,S,S,S,S,S,I,I,S,S,S,I,I,S,S,I,S,S,S,S,S,S
0.01,S,S,S,S,S,S,I,I,S,I,S,I,I,S,S,I,S,S,S,S,S,S
0.02,S,S,S,S,S,S,I,I,S,I,S,I,I,S,S,I,S,S,S,S,I,S
0.03,S,S,S,S,S,S,S,I,S,I,S,I,I,S,S,I,S,S,S,S,I,S
0.03,S,I,S,S,S,S,S,I,S,I,S,I,I,S,S,I,S,S,S,S,I,S
0.02,S,I,S,I,S,S,S,I,S,I,S,I,I,S,S,I,S,S,S,S,I,S
0.18,S,I,S,I,S,S,S,I,S,I,S,I,S,S,S,I,S,S,S,S,I,S
0.06,S,I,S,I,S,S,S,I,S,I,S,I,S,I,S,I,S,S,S,S,I,S
0.11,S,I,S,I,S,S,S,I,S,I,S,I,S,I,S,I,S,S,S,S,I,I
0.10,S,I,S,I,S,S,S,I,S,I,S,I,S,I,S,I,I,S,S,S,I,I
0.15,S,I,S,I,S,S,S,I,S,I,S,I,S,I,S,I,I,S,S,S,I,S
0.04,S,I,S,I,S,S,S,S,S,I,S,I,S,I,S,I,I,S,S,S,I,S
0.01,S,I,S,S,S,S,S,S,S,I,S,I,S,I,S,I,I,S,S,S,I,S
0.03,S,I,S,S,S,S,S,S,S,I,S,S,S,I,S,I,I,S,S,S,I,S
0.10,S,I,S,S,S,S,S,S,S,I,S,S,S,I,S,I,I,S,S,S,S,S
0.13,S,I,I,S,S,S,S,S,S,I,S,S,S,I,S,I,I,S,S,S,S,S
0.02,S,I,I,S,S,S,S,S,I,I,S,S,S,I,S,I,I,S,S,S,S,S
0.02,S,I,I,S,S,S,S,S,I,I,S,S,S,I,S,I,I,S,S,S,I,S
0.05,S,I,I,S,S,S,S,S,I,I,S,I,S,I,S,I,I,S,S,S,I,S
0.12,S,I,I,I,S,S,S,S,I,I,S,I,S,I,S,I,I,S,S,S,I,S
0.13,S,I,S,I,S,S,S,S,I,I,S,I,S,I,S,I,I,S,S,S,I,S
0.12,S,I,S,I,S,S,S,S,I,I,S,I,S,I,S,I,I,S,S,S,S,S
0.24,S,I,S,I,S,S,S,S,I,S,S,I,S,I,S,I,I,S,S,S,S,S
0.47,S,I,S,I,S,S,S,S,I,S,S,I,S,I,S,I,S,S,S,S,S,S
0.00,S,I,S,I,S,S,S,S,I,S,S,I,S,I,S,S,S,S,S,S,S,S
0.02,S,I,S,I,S,S,S,S,I,S,S,S,S,I,S,S,S,S,S,S,S,S
0.11,S,I,S,I,S,S,S,S,I,S,S,S,S,I,I,S,S,S,S,S,S,S
0.01,S,I,S,I,S,S,S,S,I,S,S,S,S,S,I,S,S,S,S,S,S,S
0.01,S,I,S,S,S,S,S,S,I,S,S,S,S,S,I,S,S,S,S,S,S,S
0.16,S,I,S,S,S,S,S,S,I,S,S,S,S,S,I,S,I,S,S,S,S,S
0.17,S,I,S,I,S,S,S,S,I,S,S,S,S,S,I,S,I,S,S,S,S,S
0.09,S,I,S,I,S,S,S,S,I,S,S,S,S,S,I,S,S,S,S,S,S,S
0.04,S,S,S,I,S,S,S,S,I,S,S,S,S,S,I,S,S,S,S,S,S,S
0.02,S,S,S,I,S,S,S,S,I,S,I,S,S,S,I,S,S,S,S,S,S,S
0.02,S,S,S,I,S,S,S,S,I,S,I,S,S,I,I,S,S,S,S,S,S,S
0.05,S,S,S,I,S,S,S,S,I,S,I,S,S,I,S,S,S,S,S,S,S,S
0.02,S,S,S,I,S,S,S,S,I,I,I,S,S,I,S,S,S,S,S,S,S,S
0.03,S,S,S,I,S,S,S,S,S,I,I,S,S,I,S,S,S,S,S,S,S,S
0.18,S,S,I,I,S,S,S,S,S,I,I,S,S,I,S,S,S,S,S,S,S,S
0.06,S,S,I,I,S,S,S,S,S,I,I,S,S,I,S,S,S,S,S,I,S,S
0.03,S,S,I,I,S,S,S,S,S,I,I,S,S,I,S,S,S,S,S,I,S,I
0.07,S,S,S,I,S,S,S,S,S,I,I,S,S,I,S,S,S,S,S,I,S,I
0.13,S,S,S,I,S,S,S,S,S,I,I,S,S,S,S,S,S,S,S,I,S,I
0.07,S,S,S,I,I,S,S,S,S,I,I,S,S,S,S,S,S,S,S,I,S,I
0.19,S,S,S,I,I,S,S,S,S,I,S,S,S,S,S,S,S,S,S,I,S,I
0.29,S,S,S,I,I,S,S,S,S,I,S,S,S,S,S,S,S,S,S,I,S,S
0.00,S,S,S,I,S,S,S,S,S,I,S,S,S,S,S,S,S,S,S,I,S,S
0.01,S,S,S,I,S,S,I,S,S,I,S,S,S,S,S,S,S,S,S,I,S,S
0.02,S,S,S,I,S,S,I,S,I,I,S,S,S,S,S,S,S,S,S,I,S,S
0.00,S,S,S,I,S,S,I,S,I,S,S,S,S,S,S,S,S,S,S,I,S,S
0.05,S,S,S,S,S,S,I,S,I,S,S,S,S,S,S,S,S,S,S,I,S,S
0.14,S,S,S,S,I,S,I,S,I,S,S,S,S,S,S,S,S,S,S,I,S,S
0.14,S,S,S,S,I,S,I,S,S,S,S,S,S,S,S,S,S,S,S,I,S,S
0.12,S,S,S,S,I,S,I,S,S,S,S,I,S,S,S,S,S,S,S,I,S,S
0.02,S,S,S,I,I,S,I,S,S,S,S,I,S,S,S,S,S,S,S,I,S,S
0.13,S,S,S,I,I,S,I,S,S,I,S,I,S,S,S,S,S,S,S,I,S,S
0.03,S,S,S,I,I,S,I,S,S,I,S,S,S,S,S,S,S,S,S,I,S,S
0.11,S,S,S,I,I,S,I,S,S,S,S,S,S,S,S,S,S,S,S,I,S,S
0.05,S,S,S,S,I,S,I,S,S,S,S,S,S,S,S,S,S,S,S,I,S,S
0.10,S,I,S,S,I,S,I,S,S,S,S,S,S,S,S,S,S,S,S,I,S,S
0.07,S,I,S,I,I,S,I,S,S,S,S,S,S,S,S,S,S,S,S,I,S,S
0.01,S,S,S,I,I,S,I,S,S,S,S,S,S,S,S,S,S,S,S,I,S,S
0.02,S,S,S,I,I,S,I,S,I,S,S,S,S,S,S,S,S,S,S,I,S,S
0.06,S,S,S,I,S,S,I,S,I,S,S,S,S,S,S,S,S,S,S,I,S,S
0.02,S,S,S,I,S,S,I,S,I,S,S,S,S,S,S,S,I,S,S,I,S,S
0.03,S,S,S,I,S,S,S,S,I,S,S,S,S,S,S,S,I,S,S,I,S,S
0.08,S,S,S,I,S,I,S,S,I,S,S,S,S,S,S,S,I,S,S,I,S,S
0.02,S,S,S,I,S,I,I,S,I,S,S,S,S,S,S,S,I,S,S,I,S,S
0.12,S,S,S,I,S,I,I,S,I,S,S,S,S,S,S,I,I,S,S,I,S,S
0.25,S,S,S,S,S,I,I,S,I,S,S,S,S,S,S,I,I,S,S,I,S,S
0.16,S,S,S,S,S,I,I,S,I,S,S,S,S,S,S,I,I,I,S,I,S,S
0.09,S,S,S,S,S,I,I,S,I,S,S,S,S,S,S,I,I,I,S,S,S,S
0.09,S,S,S,S,S,I,I,S,I,I,S,S,S,S,S,I,I,I,S,S,S,S
0.05,S,S,S,S,S,I,I,S,I,I,S,S,S,S,S,I,I,I,S,S,I,S
0.08,S,S,S,S,S,I,I,S,I,I,S,S,S,I,S,I,I,I,S,S,I,S
0.03,S,S,S,S,S,I,I,S,I,I,S,S,S,S,S,I,I,I,S,S,I,S
0.21,S,S,S,S,S,I,I,S,I,S,S,S,S,S,S,I,I,I,S,S,I,S
0.02,I,S,S,S,S,I,I,S,I,S,S,S,S,S,S,I,I,I,S,S,I,S
0.14,I,S,S,S,S,I,I,S,I,S,S,S,S,S,I,I,I,I,S,S,I,S
0.09,I,S,S,S,S,I,I,S,I,S,S,S,S,S,I,S,I,I,S,S,I,S
0.05,S,S,S,S,S,I,I,S,I,S,S,S,S,S,I,S,I,I,S,S,I,S
0.11,S,S,S,S,S,S,I,S,I,S,S,S,S,S,I,S,I,I,S,S,I,S
0.03,S,S,S,S,S,S,I,S,I,S,S,S,I,S,I,S,I,I,S,S,I,S
0.07,S,S,S,S,S,S,I,S,I,S,S,S,I,S,I,S,I,I,S,S,I,I
0.00,S,S,S,S,S,S,I,S,I,I,S,S,I,S,I,S,I,I,S,S,I,I
0.00,S,S,S,S,S,S,I,S,I,I,S,S,I,S,I,S,S,I,S,S,I,I
0.02,S,S,S,I,S,S,I,S,I,I,S,S,I,S,I,S,S,I,S,S,I,I
0.03,S,S,S,I,S,S,I,S,S,I,S,S,I,S,I,S,S,I,S,S,I,I
0.02,S,S,S,I,S,S,I,S,S,I,S,S,I,S,I,S,S,I,S,I,I,I
0.02,S,S,S,I,S,S,I,S,S,I,S,S,I,S,I,S,S,I,S,I,S,I
0.07,S,S,S,I,S,S,I,S,I,I,S,S,I,S,I,S,S,I,S,I,S,I
0.03,S,S,S,S,S,S,I,S,I,I,S,S,I,S,I,S,S,I,S,I,S,I
0.18,S,S,S,S,S,S,I,S,I,S,S,S,I,S,I,S,S,I,S,I,S,I
0.04,S,S,I,S,S,S,I,S,I,S,S,S,I,S,I,S,S,I,S,I,S,I
0.01,S,S,I,S,S,S,I,S,I,I,S,S,I,S,I,S,S,I,S,I,S,I
0.07,S,S,I,S,S,S,I,S,I,I,S,I,I,S,I,S,S,I,S,I,S,I
0.01,S,S,I,S,S,S,I,S,I,I,S,I,I,S,I,S,S,I,S,S,S,I
0.15,S,S,I,S,S,I,I,S,I,I,S,I,I,S,I,S,S,I,S,S,S,I
0.01,S,S,I,S,S,I,I,S,I,S,S,I,I,S,I,S,S,I,S,S,S,I
0.03,S,S,S,S,S,I,I,S,I,S,S,I,I,S,I,S,S,I,S,S,S,I
0.04,S,S,S,S,S,I,I,S,I,S,S,I,I,S,S,S,S,I,S,S,S,I
0.15,S,S,S,S,S,I,I,S,I,S,S,S,I,S,S,S,S,I,S,S,S,I
0.12,S,S,S,S,S,I,I,S,I,S,S,S,I,S,S,I,S,I,S,S,S,I
0.07,S,S,S,S,I,I,I,S,I,S,S,S,I,S,S,I,S,I,S,S,S,I
0.22,S,S,S,S,I,S,I,S,I,S,S,S,I,S,S,I,S,I,S,S,S,I
0.01,S,S,S,S,I,S,I,S,I,S,S,S,I,S,S,I,S,I,I,S,S,I
0.02,S,S,S,S,I,S,I,S,I,S,S,S,I,S,I,I,S,I,I,S,S,I
0.04,S,S,S,S,I,S,I,S,I,S,S,S,I,S,I,I,S,I,I,S,S,S
0.03,S,S,S,S,I,S,I,S,S,S,S,S,I,S,I,I,S,I,I,S,S,S
0.06,S,S,S,S,I,S,I,S,S,S,S,S,I,S,I,I,S,I,S,S,S,S
0.05,S,S,S,S,I,S,I,S,S,S,S,S,I,S,I,I,S,S,S,S,S,S
0.12,S,S,S,I,I,S,I,S,S,S,S,S,I,S,I,I,S,S,S,S,S,S
0.11,S,S,S,I,I,S,I,S,S,S,S,S,I,S,I,I,S,S,S,S,S,I
0.11,S,S,I,I,I,S,I,S,S,S,S,S,I,S,I,I,S,S,S,S,S,I
0.15,S,S,I,I,I,S,I,S,I,S,S,S,I,S,I,I,S,S,S,S,S,I
0.08,S,S,I,I,I,S,I,S,I,S,S,S,I,S,I,S,S,S,S,S,S,I
0.07,S,S,I,I,I,S,S,S,I,S,S,S,I,S,I,S,S,S,S,S,S,I
0.08,S,S,I,I,I,S,S,S,I,S,I,S,I,S,I,S,S,S,S,S,S,I
0.09,S,S,I,I,I,S,I,S,I,S,I,S,I,S,I,S,S,S,S,S,S,I
0.05,S,S,I,I,S,S,I,S,I,S,I,S,I,S,I,S,S,S,S,S,S,I
0.13,S,S,I,I,S,S,I,S,I,S,I,S,I,S,I,S,S,S,S,I,S,I
0.04,S,S,I,I,S,S,I,S,I,S,I,S,I,S,I,I,S,S,S,I,S,I
0.14,S,S,I,I,S,S,I,S,I,S,I,S,I,S,I,I,S,S,I,I,S,I
0.00,S,S,S,I,S,S,I,S,I,S,I,S,I,S,I,I,S,S,I,I,S,I
0.23,S,S,S,I,S,S,I,S,I,S,I,S,I,I,I,I,S,S,I,I,S,I
0.06,S,S,S,I,S,S,I,S,I,S,I,S,I,S,I,I,S,S,I,I,S,I
0.03,S,S,S,I,S,S,I,S,I,S,I,S,I,S,I,I,S,S,S,I,S,I
0.18,S,S,S,I,S,S,S,S,I,S,I,S,I,S,I,I,S,S,S,I,S,I
0.23,S,S,S,I,S,S,S,S,I,S,I,S,I,I,I,I,S,S,S,I,S,I
0.04,S,S,S,I,S,S,S,S,I,S,I,S,I,I,I,S,S,S,S,I,S,I
0.07,S,S,S,I,S,S,S,S,I,S,I,S,S,I,I,S,S,S,S,I,S,I
0.08,S,S,S,I,S,S,S,S,I,I,I,S,S,I,I,S,S,S,S,I,S,I
0.02,S,S,S,I,S,S,S,S,I,I,I,S,S,S,I,S,S,S,S,I,S,I
0.28,S,S,S,I,S,S,S,S,I,I,S,S,S,S,I,S,S,S,S,I,S,I
0.07,S,S,S,I,S,S,S,S,I,I,S,S,S,S,I,S,S,S,S,I,S,S
0.05,S,S,S,I,S,S,S,S,I,I,S,S,S,S,S,S,S,S,S,I,S,S
0.07,S,S,S,I,S,S,S,S,I,S,S,S,S,S,S,S,S,S,S,I,S,S
0.11,I,S,S,I,S,S,S,S,I,S,S,S,S,S,S,S,S,S,S,I,S,S
0.04,I,I,S,I,S,S,S,S,I,S,S,S,S,S,S,S,S,S,S,I,S,S
0.23,I,I,S,I,S,S,S,S,I,S,S,S,S,S,S,S,S,S,I,I,S,S
0.03,I,S,S,I,S,S,S,S,I,S,S,S,S,S,S,S,S,S,I,I,S,S
0.17,I,S,S,I,S,S,S,S,I,S,S,S,S,S,S,S,S,S,I,I,I,S
0.08,I,S,S,I,S,S,S,S,I,S,I,S,S,S,S,S,S,S,I,I,I,S
0.02,I,S,S,I,S,S,S,S,I,S,I,I,S,S,S,S,S,S,I,I,I,S
0.09,I,S,S,I,S,S,S,S,S,S,I,I,S,S,S,S,S,S,I,I,I,S
0.16,I,S,S,I,S,S,S,S,S,S,S,I,S,S,S,S,S,S,I,I,I,S
0.20,I,S,S,I,S,S,S,S,S,S,S,I,S,S,S,S,S,S,I,S,I,S
0.02,I,S,S,I,S,S,S,S,S,S,S,I,S,S,S,S,I,S,I,S,I,S
0.15,I,S,S,I,S,S,S,S,S,S,S,I,S,S,S,S,I,S,I,S,I,I
0.07,I,S,S,I,S,S,S,S,S,S,S,S,S,S,S,S,I,S,I,S,I,I
0.02,I,S,S,I,S,S,S,S,S,S,S,S,S,S,I,S,I,S,I,S,I,I
0.01,I,S,S,I,S,S,I,S,S,S,S,S,S,S,I,S,I,S,I,S,I,I
0.10,I,S,S,I,S,S,I,S,S,S,S,S,S,S,I,S,I,S,S,S,I,I
0.05,I,I,S,I,S,S,I,S,S,S,S,S,S,S,I,S,I,S,S,S,I,I
0.02,I,I,S,I,S,S,I,S,S,S,S,S,S,S,S,S,I,S,S,S,I,I
0.08,I,I,S,I,S,S,I,S,S,S,S,S,S,S,S,S,S,S,S,S,I,I
0.13,I,I,I,I,S,S,I,S,S,S,S,S,S,S,S,S,S,S,S,S,I,I
0.10,I,I,I,I,S,S,I,S,S,S,S,S,S,S,S,S,S,S,I,S,I,I
0.09,I,I,I,I,S,S,I,S,S,S,S,S,S,S,I,S,S,S,I,S,I,I
0.17,I,S,I,I,S,S,I,S,S,S,S,S,S,S,I,S,S,S,I,S,I,I
0.09,I,S,S,I,S,S,I,S,S,S,S,S,S,S,I,S,S,S,I,S,I,I
0.04,I,S,S,S,S,S,I,S,S,S,S,S,S,S,I,S,S,S,I,S,I,I
0.04,I,S,S,S,S,S,S,S,S,S,S,S,S,S,I,S,S,S,I,S,I,I
0.04,I,S,S,S,S,S,S,S,S,S,S,S,S,S,I,I,S,S,I,S,I,I
0.16,I,S,S,S,S,S,S,S,S,I,S,S,S,S,I,I,S,S,I,S,I,I
0.12,I,S,S,S,S,S,S,S,S,I,S,S,S,I,I,I,S,S,I,S,I,I
0.02,I,S,S,S,S,S,S,S,S,I,S,S,S,I,I,S,S,S,I,S,I,I
0.13,I,S,S,S,S,S,S,S,S,I,S,S,S,I,I,S,S,S,I,S,S,I
0.01,I,S,S,S,S,S,S,S,S,S,S,S,S,I,I,S,S,S,I,S,S,I
0.07,I,S,S,S,S,S,S,S,S,S,S,S,S,I,I,S,S,S,I,S,S,S
0.06,I,S,I,S,S,S,S,S,S,S,S,S,S,I,I,S,S,S,I,S,S,S
0.03,I,S,I,S,S,I,S,S,S,S,S,S,S,I,I,S,S,S,I,S,S,S
0.04,I,S,I,S,S,I,S,S,S,S,S,S,S,I,I,S,S,S,I,I,S,S
0.04,I,S,I,S,S,I,S,S,S,S,S,I,S,I,I,S,S,S,I,I,S,S
0.04,I,S,I,S,S,I,S,S,S,S,S,I,S,I,I,S,S,S,I,I,I,S
0.04,I,S,I,S,S,I,S,S,S,S,S,I,S,I,S,S,S,S,I,I,I,S
0.19,I,S,I,S,S,I,S,I,S,S,S,I,S,I,S,S,S,S,I,I,I,S
0.06,I,S,I,S,S,I,S,I,S,S,S,I,S,S,S,S,S,S,I,I,I,S
0.03,I,I,I,S,S,I,S,I,S,S,S,I,S,S,S,S,S,S,I,I,I,S
0.01,I,I,I,S,S,I,S,I,S,S,S,I,S,I,S,S,S,S,I,I,I,S
0.00,I,I,S,S,S,I,S,I,S,S,S,I,S,I,S,S,S,S,I,I,I,S
0.05,S,I,S,S,S,I,S,I,S,S,S,I,S,I,S,S,S,S,I,I,I,S
0.09,S,I,S,S,S,I,S,I,S,S,S,I,I,I,S,S,S,S,I,I,I,S
0.05,S,I,S,S,S,I,S,S,S,S,S,I,I,I,S,S,S,S,I,I,I,S
0.01,S,I,S,S,S,I,S,S,S,S,S,I,I,I,S,S,S,I,I,I,I,S
0.11,S,I,S,S,S,I,S,S,S,S,S,I,I,I,S,S,S,I,I,I,S,S
0.04,S,I,S,S,S,I,S,S,S,I,S,I,I,I,S,S,S,I,I,I,S,S
0.04,S,I,S,S,S,I,S,S,S,I,S,I,I,I,S,S,S,I,S,I,S,S
0.19,S,I,S,S,S,I,S,S,S,I,S,I,I,I,S,S,S,S,S,I,S,S
0.13,S,S,S,S,S,I,S,S,S,I,S,I,I,I,S,S,S,S,S,I,S,S
0.06,S,S,S,S,S,I,S,S,S,I,S,I,S,I,S,S,S,S,S,I,S,S
0.10,S,S,S,S,S,I,S,S,S,I,I,I,S,I,S,S,S,S,S,I,S,S
0.28,S,S,S,S,S,I,S,S,S,I,I,I,I,I,S,S,S,S,S,I,S,S
0.05,S,S,S,S,S,S,S,S,S,I,I,I,I,I,S,S,S,S,S,I,S,S
0.02,S,S,S,S,S,S,S,S,S,I,I,I,S,I,S,S,S,S,S,I,S,S
0.01,S,S,S,S,S,S,S,S,S,I,I,I,S,I,S,S,S,S,S,I,I,S
0.01,S,S,S,S,S,S,S,S,S,I,S,I,S,I,S,S,S,S,S,I,I,S
0.02,S,S,S,S,S,S,S,S,S,S,S,I,S,I,S,S,S,S,S,I,I,S
0.10,S,S,S,S,S,S,S,I,S,S,S,I,S,I,S,S,S,S,S,I,I,S
0.04,S,S,S,S,S,S,S,I,S,S,S,I,S,S,S,S,S,S,S,I,I,S
0.07,S,S,S,S,S,S,S,I,S,S,S,I,S,S,S,S,S,S,S,I,S,S
0.06,S,S,S,S,S,S,S,I,S,S,S,I,S,S,S,S,I,S,S,I,S,S
0.05,S,S,S,S,S,I,S,I,S,S,S,I,S,S,S,S,I,S,S,I,S,S
0.01,S,I,S,S,S,I,S,I,S,S,S,I,S,S,S,S,I,S,S,I,S,S
0.02,S,I,S,S,S,I,S,I,S,S,S,I,S,S,S,S,I,S,S,S,S,S
0.06,S,I,S,S,S,S,S,I,S,S,S,I,S,S,S,S,I,S,S,S,S,S
0.01,S,I,S,S,S,S,S,I,I,S,S,I,S,S,S,S,I,S,S,S,S,S
0.03,S,I,S,S,S,S,S,I,I,S,I,I,S,S,S,S,I,S,S,S,S,S
0.09,S,I,S,S,S,S,S,I,I,S,I,I,S,S,S,S,I,I,S,S,S,S
0.12,S,I,S,S,S,S,S,I,I,S,I,S,S,S,S,S,I,I,S,S,S,S
0.04,S,I,S,S,S,S,S,I,I,S,I,S,S,S,S,S,I,I,S,S,I,S
0.00,S,I,S,S,S,S,S,I,I,S,I,I,S,S,S,S,I,I,S,S,I,S
0.01,S,I,I,S,S,S,S,I,I,S,I,I,S,S,S,S,I,I,S,S,I,S
0.14,S,I,I,S,S,S,S,I,I,S,I,I,S,S,S,S,I,I,S,S,I,I
0.13,S,I,I,S,S,S,S,I,I,S,I,S,S,S,S,S,I,I,S,S,I,I
0.11,S,S,I,S,S,S,S,I,I,S,I,S,S,S,S,S,I,I,S,S,I,I
0.02,S,S,I,S,S,S,S,I,I,I,I,S,S,S,S,S,I,I,S,S,I,I
0.02,S,S,I,S,S,S,S,I,S,I,I,S,S,S,S,S,I,I,S,S,I,I
0.03,S,S,I,S,S,S,S,I,S,I,I,S,S,S,S,S,I,I,S,S,S,I
0.04,S,S,S,S,S,S,S,I,S,I,I,S,S,S,S,S,I,I,S,S,S,I
0.04,S,S,S,S,S,S,S,I,S,I,I,S,S,S,S,S,I,I,S,S,I,I
0.01,S,S,S,S,S,S,S,I,S,S,I,S,S,S,S,S,I,I,S,S,I,I
0.01,S,S,S,S,S,S,S,S,S,S,I,S,S,S,S,S,I,I,S,S,I,I
0.02,S,S,S,S,S,S,S,S,S,S,I,S,S,S,S,S,I,S,S,S,I,I
0.03,S,S,S,S,S,S,S,S,S,S,I,S,S,S,S,S,I,I,S,S,I,I
0.00,S,S,S,S,S,S,S,S,S,S,I,S,I,S,S,S,I,I,S,S,I,I
0.04,S,S,S,S,S,S,S,S,S,S,S,S,I,S,S,S,I,I,S,S,I,I
0.04,S,I,S,S,S,S,S,S,S,S,S,S,I,S,S,S,I,I,S,S,I,I
0.05,S,S,S,S,S,S,S,S,S,S,S,S,I,S,S,S,I,I,S,S,I,I
0.02,S,S,S,S,S,S,S,S,S,S,S,S,I,S,S,S,S,I,S,S,I,I
0.03,S,S,S,S,S,S,I,S,S,S,S,S,I,S,S,S,S,I,S,S,I,I
0.12,S,S,I,S,S,S,I,S,S,S,S,S,I,S,S,S,S,I,S,S,I,I
0.28,S,S,I,S,S,S,I,S,S,S,I,S,I,S,S,S,S,I,S,S,I,I
0.02,S,S,I,S,S,S,I,S,S,S,I,S,I,S,S,S,S,S,S,S,I,I
0.03,S,S,I,S,S,S,I,S,I,S,I,S,I,S,S,S,S,S,S,S,I,I
0.08,S,S,I,S,S,S,I,S,I,I,I,S,I,S,S,S,S,S,S,S,I,I
0.07,S,S,I,S,S,S,I,S,I,I,I,S,I,S,S,S,S,S,S,I,I,I
0.02,S,S,I,S,S,S,I,S,I,I,I,S,S,S,S,S,S,S,S,I,I,I
0.09,S,S,I,S,S,S,I,S,I,I,I,S,S,I,S,S,S,S,S,I,I,I
0.01,S,S,I,S,S,S,S,S,I,I,I,S,S,I,S,S,S,S,S,I,I,I
0.02,S,S,I,S,S,S,S,S,I,I,I,S,S,I,S,I,S,S,S,I,I,I
0.01,S,S,I,S,S,S,S,S,I,I,S,S,S,I,S,I,S,S,S,I,I,I
0.01,S,S,I,S,S,S,S,S,I,S,S,S,S,I,S,I,S,S,S,I,I,I
0.12,S,S,I,S,S,S,S,S,I,S,S,S,S,I,S,I,S,S,S,S,I,I
0.08,S,S,I,S,S,S,S,S,S,S,S,S,S,I,S,I,S,S,S,S,I,I
0.09,S,S,I,S,S,S,S,S,S,I,S,S,S,I,S,I,S,S,S,S,I,I
0.14,S,S,I,S,I,S,S,S,S,I,S,S,S,I,S,I,S,S,S,S,I,I
0.05,S,S,I,S,I,S,I,S,S,I,S,S,S,I,S,I,S,S,S,S,I,I
0.08,S,S,I,I,I,S,I,S,S,I,S,S,S,I,S,I,S,S,S,S,I,I
0.01,S,S,I,I,I,S,S,S,S,I,S,S,S,I,S,I,S,S,S,S,I,I
0.54,S,S,I,I,I,S,S,S,I,I,S,S,S,I,S,I,S,S,S,S,I,I
0.01,S,S,I,I,I,S,S,S,I,I,S,S,S,I,S,I,S,S,S,S,S,I
0.14,S,S,I,I,I,S,S,S,I,I,I,S,S,I,S,I,S,S,S,S,S,I
0.03,S,S,I,I,I,S,S,S,I,I,I,I,S,I,S,I,S,S,S,S,S,I
0.01,S,S,S,I,I,S,S,S,I,I,I,I,S,I,S,I,S,S,S,S,S,I
0.02,S,S,I,I,I,S,S,S,I,I,I,I,S,I,S,I,S,S,S,S,S,I
0.13,S,S,I,I,I,S,S,S,I,I,I,I,S,I,S,I,S,S,I,S,S,I
0.06,S,S,S,I,I,S,S,S,I,I,I,I,S,I,S,I,S,S,I,S,S,I
0.00,I,S,S,I,I,S,S,S,I,I,I,I,S,I,S,I,S,S,I,S,S,I
0.00,I,S,S,I,I,S,S,S,I,I,I,I,S,S,S,I,S,S,I,S,S,I
0.18,I,S,S,I,I,S,S,S,I,I,I,I,S,S,S,S,S,S,I,S,S,I
0.01,I,S,S,I,I,S,I,S,I,I,I,I,S,S,S,S,S,S,I,S,S,I
0.03,I,S,S,I,I,S,S,S,I,I,I,I,S,S,S,S,S,S,I,S,S,I
0.07,I,S,S,I,I,S,S,S,I,I,I,S,S,S,S,S,S,S,I,S,S,I
0.10,I,I,S,I,I,S,S,S,I,I,I,S,S,S,S,S,S,S,I,S,S,I
0.03,I,I,S,I,I,S,S,S,I,I,I,S,S,S,S,S,S,I,I,S,S,I
0.00,I,I,S,I,I,S,S,S,I,I,I,S,S,S,S,S,S,S,I,S,S,I
0.00,I,I,I,I,I,S,S,S,I,I,I,S,S,S,S,S,S,S,I,S,S,I
0.02,I,I,I,I,I,S,S,S,I,I,S,S,S,S,S,S,S,S,I,S,S,I
0.12,I,I,I,S,I,S,S,S,I,I,S,S,S,S,S,S,S,S,I,S,S,I
0.23,I,I,I,S,I,S,S,S,I,S,S,S,S,S,S,S,S,S,I,S,S,I
0.08,I,I,I,S,I,S,S,S,I,I,S,S,S,S,S,S,S,S,I,S,S,I
0.05,I,I,I,S,I,S,I,S,I,I,S,S,S,S,S,S,S,S,I,S,S,I
0.08,I,I,I,S,I,S,I,S,I,I,S,S,I,S,S,S,S,S,I,S,S,I
0.02,I,I,I,S,I,S,I,S,I,I,S,S,I,S,S,S,S,S,I,S,S,S
0.04,I,I,I,S,I,S,I,S,I,I,S,S,S,S,S,S,S,S,I,S,S,S
0.02,I,I,I,S,I,S,I,S,I,I,S,S,S,S,S,S,S,S,I,I,S,S
0.18,I,I,I,S,I,S,I,S,I,I,S,S,S,I,S,S,S,S,I,I,S,S
0.02,I,I,I,S,I,S,I,I,I,I,S,S,S,I,S,S,S,S,I,I,S,S
0.00,I,I,I,S,I,S,I,I,I,I,S,S,S,I,S,S,S,I,I,I,S,S
0.03,I,I,S,S,I,S,I,I,I,I,S,S,S,I,S,S,S,I,I,I,S,S
0.00,I,I,S,S,S,S,I,I,I,I,S,S,S,I,S,S,S,I,I,I,S,S
0.07,I,I,S,S,S,S,I,I,I,I,S,S,S,I,S,S,S,S,I,I,S,S
0.00,I,I,S,S,S,S,I,I,I,I,S,S,S,S,S,S,S,S,I,I,S,S
0.00,I,I,S,S,S,I,I,I,I,I,S,S,S,S,S,S,S,S,I,I,S,S
0.07,I,I,S,S,S,I,I,I,S,I,S,S,S,S,S,S,S,S,I,I,S,S
0.00,S,I,S,S,S,I,I,I,S,I,S,S,S,S,S,S,S,S,I,I,S,S
0.05,S,I,S,S,S,I,I,S,S,I,S,S,S,S,S,S,S,S,I,I,S,S
0.00,S,I,S,S,S,S,I,S,S,I,S,S,S,S,S,S,S,S,I,I,S,S
0.02,S,I,S,S,S,S,I,S,S,I,S,I,S,S,S,S,S,S,I,I,S,S
0.10,S,I,S,S,S,S,I,S,S,I,S,I,S,S,S,I,S,S,I,I,S,S
0.01,S,I,I,S,S,S,I,S,S,I,S,I,S,S,S,I,S,S,I,I,S,S
0.09,S,S,I,S,S,S,I,S,S,I,S,I,S,S,S,I,S,S,I,I,S,S
0.09,S,S,I,S,S,S,I,S,I,I,S,I,S,S,S,I,S,S,I,I,S,S
0.14,S,S,I,S,S,S,I,S,I,I,S,S,S,S,S,I,S,S,I,I,S,S
0.08,S,S,I,S,S,S,I,S,I,I,S,S,S,S,S,I,S,S,I,S,S,S
0.01,I,S,I,S,S,S,I,S,I,I,S,S,S,S,S,I,S,S,I,S,S,S
0.04,I,S,I,S,S,S,I,S,I,I,S,S,S,S,S,I,I,S,I,S,S,S
0.04,I,S,S,S,S,S,I,S,I,I,S,S,S,S,S,I,I,S,I,S,S,S
0.09,I,S,S,S,S,S,I,S,I,S,S,S,S,S,S,I,I,S,I,S,S,S
0.01,I,S,S,S,S,S,S,S,I,S,S,S,S,S,S,I,I,S,I,S,S,S
0.24,I,S,S,S,S,S,S,S,I,S,S,S,I,S,S,I,I,S,I,S,S,S
0.03,I,S,S,S,S,S,S,S,I,S,S,S,I,S,I,I,I,S,I,S,S,S
0.29,I,S,S,S,S,S,S,S,S,S,S,S,I,S,I,I,I,S,I,S,S,S
0.06,I,S,S,S,S,S,S,S,S,S,S,S,I,S,S,I,I,S,I,S,S,S
0.12,I,S,S,S,S,S,S,I,S,S,S,S,I,S,S,I,I,S,I,S,S,S
0.10,I,S,S,S,S,S,S,I,S,S,S,S,S,S,S,I,I,S,I,S,S,S
0.04,I,I,S,S,S,S,S,I,S,S,S,S,S,S,S,I,I,S,I,S,S,S
0.05,I,I,S,S,S,S,S,I,S,S,S,S,S,S,S,S,I,S,I,S,S,S
0.02,I,I,S,S,S,S,S,I,S,S,S,S,S,S,S,S,S,S,I,S,S,S
0.00,I,I,S,S,S,S,I,I,S,S,S,S,S,S,S,S,S,S,I,S,S,S
0.16,I,I,S,S,S,S,I,I,S,S,S,S,S,S,S,I,S,S,I,S,S,S
0.15,I,I,S,S,S,S,I,I,S,S,S,S,S,S,S,I,I,S,I,S,S,S
0.07,I,I,S,S,S,S,S,I,S,S,S,S,S,S,S,I,I,S,I,S,S,S
0.05,I,I,S,S,S,S,S,I,S,S,S,I,S,S,S,I,I,S,I,S,S,S
0.09,I,I,S,S,S,S,S,I,S,S,S,I,S,S,S,I,I,I,I,S,S,S
0.13,I,I,S,I,S,S,S,I,S,S,S,I,S,S,S,I,I,I,I,S,S,S
0.02,I,I,S,S,S,S,S,I,S,S,S,I,S,S,S,I,I,I,I,S,S,S
0.01,I,I,S,S,I,S,S,I,S,S,S,I,S,S,S,I,I,I,I,S,S,S
0.06,I,I,S,S,I,S,S,I,S,S,S,S,S,S,S,I,I,I,I,S,S,S
0.00,I,I,S,S,I,S,S,S,S,S,S,S,S,S,S,I,I,I,I,S,S,S
0.35,I,I,S,S,I,S,S,I,S,S,S,S,S,S,S,I,I,I,I,S,S,S
0.02,S,I,S,S,I,S,S,I,S,S,S,S,S,S,S,I,I,I,I,S,S,S
0.03,I,I,S,S,I,S,S,I,S,S,S,S,S,S,S,I,I,I,I,S,S,S
0.09,I,I,S,S,I,S,S,S,S,S,S,S,S,S,S,I,I,I,I,S,S,S
0.07,I,I,S,S,I,S,S,I,S,S,S,S,S,S,S,I,I,I,I,S,S,S
0.11,I,I,S,S,I,S,S,I,S,S,S,S,S,S,S,S,I,I,I,S,S,S
0.16,S,I,S,S,I,S,S,I,S,S,S,S,S,S,S,S,I,I,I,S,S,S
0.01,I,I,S,S,I,S,S,I,S,S,S,S,S,S,S,S,I,I,I,S,S,S
0.03,I,I,S,S,I,S,S,I,S,S,S,S,S,S,S,S,I,I,S,S,S,S
0.03,I,I,S,S,S,S,S,I,S,S,S,S,S,S,S,S,I,I,S,S,S,S
0.02,I,I,S,S,S,S,S,I,S,S,S,S,S,S,S,S,S,I,S,S,S,S
0.15,S,I,S,S,S,S,S,I,S,S,S,S,S,S,S,S,S,I,S,S,S,S
0.08,S,I,S,S,S,S,S,I,I,S,S,S,S,S,S,S,S,I,S,S,S,S
0.05,S,I,S,S,S,S,S,S,I,S,S,S,S,S,S,S,S,I,S,S,S,S
0.21,S,I,S,S,S,S,S,S,I,S,I,S,S,S,S,S,S,I,S,S,S,S
0.02,S,I,S,S,S,S,S,S,I,S,I,S,S,S,S,S,S,I,I,S,S,S
0.09,S,I,S,S,S,S,S,S,I,S,I,S,S,S,S,S,S,I,I,S,S,I
0.12,S,S,S,S,S,S,S,S,I,S,I,S,S,S,S,S,S,I,I,S,S,I
0.08,S,S,S,S,S,S,S,S,I,S,I,S,S,S,S,S,S,I,I,S,I,I
0.05,S,S,S,S,S,S,S,S,I,S,I,I,S,S,S,S,S,I,I,S,I,I
0.02,S,S,S,S,S,S,S,S,I,S,I,I,S,S,I,S,S,I,I,S,I,I
0.01,S,S,S,S,S,S,S,S,I,S,I,S,S,S,I,S,S,I,I,S,I,I
0.14,S,S,S,S,S,S,S,S,I,S,I,S,S,S,I,S,S,I,I,S,I,S
0.10,S,S,S,S,I,S,S,S,I,S,I,S,S,S,I,S,S,I,I,S,I,S
0.07,S,S,S,S,I,S,I,S,I,S,I,S,S,S,I,S,S,I,I,S,I,S
0.01,S,S,S,S,I,S,I,S,I,S,I,S,S,S,I,S,S,I,I,I,I,S
0.05,S,S,S,S,I,S,I,S,S,S,I,S,S,S,I,S,S,I,I,I,I,S
0.05,S,S,S,S,I,I,I,S,S,S,I,S,S,S,I,S,S,I,I,I,I,S
0.02,S,S,S,S,I,I,I,S,S,S,I,S,S,S,I,S,S,S,I,I,I,S
0.08,S,S,S,S,I,I,I,I,S,S,I,S,S,S,I,S,S,S,I,I,I,S
0.02,I,S,S,S,I,I,I,I,S,S,I,S,S,S,I,S,S,S,I,I,I,S
0.05,I,S,S,S,S,I,I,I,S,S,I,S,S,S,I,S,S,S,I,I,I,S
0.00,I,S,S,S,S,I,I,I,S,S,I,S,S,S,I,S,S,S,I,S,I,S
0.05,I,S,S,S,S,I,I,I,S,S,I,S,I,S,I,S,S,S,I,S,I,S
0.01,S,S,S,S,S,I,I,I,S,S,I,S,I,S,I,S,S,S,I,S,I,S
0.03,S,S,S,S,S,I,I,I,S,S,S,S,I,S,I,S,S,S,I,S,I,S
0.18,S,S,S,S,S,I,I,I,I,S,S,S,I,S,I,S,S,S,I,S,I,S
0.04,S,S,S,S,S,S,I,I,I,S,S,S,I,S,I,S,S,S,I,S,I,S
0.00,S,S,S,S,S,S,I,S,I,S,S,S,I,S,I,S,S,S,I,S,I,S
0.21,S,S,S,S,S,S,I,S,I,S,S,S,I,S,I,S,S,S,I,S,S,S
0.09,S,S,S,I,S,S,I,S,I,S,S,S,I,S,I,S,S,S,I,S,S,S
0.05,S,S,S,I,S,S,I,S,I,S,S,S,S,S,I,S,S,S,I,S,S,S
0.08,S,S,S,I,S,S,I,S,I,S,S,S,S,S,I,S,S,S,I,S,I,S
0.05,S,S,S,I,S,S,I,S,I,S,S,I,S,S,I,S,S,S,I,S,I,S
0.07,S,S,S,I,S,S,I,S,S,S,S,I,S,S,I,S,S,S,I,S,I,S
0.18,S,S,S,I,S,S,I,S,S,S,S,I,S,S,I,S,S,I,I,S,I,S
0.06,I,S,S,I,S,S,I,S,S,S,S,I,S,S,I,S,S,I,I,S,I,S
0.12,I,S,S,I,S,I,I,S,S,S,S,I,S,S,I,S,S,I,I,S,I,S
0.01,I,S,S,I,S,I,I,S,S,S,S,I,S,I,I,S,S,I,I,S,I,S
0.01,I,S,S,I,S,I,S,S,S,S,S,I,S,I,I,S,S,I,I,S,I,S
0.02,I,S,S,I,S,I,S,S,S,S,I,I,S,I,I,S,S,I,I,S,I,S
0.14,I,S,S,I,S,S,S,S,S,S,I,I,S,I,I,S,S,I,I,S,I,S
0.00,S,S,S,I,S,S,S,S,S,S,I,I,S,I,I,S,S,I,I,S,I,S
0.13,S,S,S,I,S,S,S,S,S,S,I,S,S,I,I,S,S,I,I,S,I,S
0.01,S,S,S,I,S,S,S,S,S,S,I,S,S,I,I,S,S,I,I,S,I,I
0.12,S,S,S,I,S,S,S,S,S,S,I,S,S,S,I,S,S,I,I,S,I,I
0.01,S,S,S,I,I,S,S,S,S,S,I,S,S,S,I,S,S,I,I,S,I,I
0.00,S,S,S,I,I,S,S,S,S,S,I,S,S,S,I,S,S,I,I,S,I,S
0.02,S,S,S,I,I,S,S,S,S,I,I,S,S,S,I,S,S,I,I,S,I,S
0.24,S,S,S,I,I,S,S,S,S,I,I,S,S,S,I,I,S,I,I,S,I,S
0.01,S,S,I,I,I,S,S,S,S,I,I,S,S,S,I,I,S,I,I,S,I,S
0.04,S,S,I,I,I,S,S,S,S,I,I,S,S,S,I,I,S,I,I,I,I,S
0.06,S,S,I,I,I,S,S,S,S,I,I,S,S,S,S,I,S,I,I,I,I,S
0.04,S,S,I,I,I,S,S,S,S,I,S,S,S,S,S,I,S,I,I,I,I,S
0.02,S,S,I,I,I,S,S,S,S,I,S,S,S,S,S,I,S,I,I,I,S,S
0.00,S,S,I,I,I,S,S,I,S,I,S,S,S,S,S,I,S,I,I,I,S,S
0.10,S,S,S,I,I,S,S,I,S,I,S,S,S,S,S,I,S,I,I,I,S,S
0.09,S,S,S,I,I,I,S,I,S,I,S,S,S,S,S,I,S,I,I,I,S,S
0.08,S,S,S,I,I,I,S,I,S,I,S,S,S,S,S,S,S,I,I,I,S,S
0.02,S,S,S,I,I,I,S,S,S,I,S,S,S,S,S,S,S,I,I,I,S,S
0.07,S,S,S,I,I,I,S,S,S,I,S,S,S,S,S,S,S,S,I,I,S,S
0.11,S,S,S,I,I,S,S,S,S,I,S,S,S,S,S,S,S,S,I,I,S,S
0.11,S,S,S,I,I,S,S,S,S,I,S,S,S,S,S,I,S,S,I,I,S,S
0.16,S,S,S,I,I,S,S,S,S,I,S,S,I,S,S,I,S,S,I,I,S,S
0.02,S,S,S,I,I,S,I,S,S,I,S,S,I,S,S,I,S,S,I,I,S,S
0.12,S,S,S,I,S,S,I,S,S,I,S,S,I,S,S,I,S,S,I,I,S,S
0.08,S,S,S,I,S,S,I,S,S,I,S,S,I,S,S,I,I,S,I,I,S,S
0.01,S,S,S,I,S,S,I,S,S,I,S,S,I,S,S,I,I,S,I,S,S,S
0.03,S,S,S,I,S,S,I,S,S,I,S,S,I,S,S,I,I,S,I,S,I,S
0.06,S,S,S,I,S,S,I,S,S,I,S,S,I,I,S,I,I,S,I,S,I,S
0.02,S,S,S,S,S,S,I,S,S,I,S,S,I,I,S,I,I,S,I,S,I,S
0.00,S,S,S,S,S,I,I,S,S,I,S,S,I,I,S,I,I,S,I,S,I,S
0.17,S,I,S,S,S,I,I,S,S,I,S,S,I,I,S,I,I,S,I,S,I,S
0.09,I,I,S,S,S,I,I,S,S,I,S,S,I,I,S,I,I,S,I,S,I,S
0.02,I,I,S,S,S,I,I,S,S,I,I,S,I,I,S,I,I,S,I,S,I,S
0.03,I,I,S,S,S,I,I,S,S,I,S,S,I,I,S,I,I,S,I,S,I,S
0.08,I,S,S,S,S,I,I,S,S,I,S,S,I,I,S,I,I,S,I,S,I,S
0.01,I,S,S,S,S,I,I,S,S,I,S,S,I,I,S,I,I,S,S,S,I,S
0.01,I,S,S,S,S,I,I,S,S,I,S,S,I,S,S,I,I,S,S,S,I,S
0.02,I,S,S,S,S,S,I,S,S,I,S,S,I,S,S,I,I,S,S,S,I,S
0.05,I,S,S,S,S,S,I,S,S,I,S,S,I,S,S,I,I,S,S,S,S,S
0.02,I,S,S,S,S,S,I,S,S,S,S,S,I,S,S,I,I,S,S,S,S,S
0.06,I,S,S,S,S,I,I,S,S,S,S,S,I,S,S,I,I,S,S,S,S,S
0.11,I,S,S,S,S,I,I,S,S,S,S,S,I,S,S,I,S,S,S,S,S,S
0.07,I,S,S,S,S,I,I,S,S,S,S,S,I,S,I,I,S,S,S,S,S,S
0.01,I,S,S,S,S,I,I,S,S,S,S,S,I,I,I,I,S,S,S,S,S,S
0.04,I,S,S,S,S,I,I,S,S,S,S,S,I,S,I,I,S,S,S,S,S,S
0.04,I,S,S,S,S,I,I,S,S,S,S,S,I,S,I,I,S,S,S,S,I,S
0.10,S,S,S,S,S,I,I,S,S,S,S,S,I,S,I,I,S,S,S,S,I,S
0.03,S,S,S,S,S,I,I,S,S,S,I,S,I,S,I,I,S,S,S,S,I,S
0.00,S,S,S,S,S,I,I,S,S,S,I,S,I,S,I,I,S,S,S,S,S,S
0.06,S,S,S,S,S,I,I,S,S,S,I,S,I,S,I,I,S,S,I,S,S,S
0.14,S,S,S,S,S,I,I,S,S,S,S,S,I,S,I,I,S,S,I,S,S,S
0.03,S,S,S,S,S,I,I,S,S,S,S,S,I,S,I,I,S,S,S,S,S,S
0.00,S,S,S,S,S,I,I,S,S,S,S,S,I,S,I,S,S,S,S,S,S,S
0.26,S,S,S,S,S,I,I,S,S,S,S,S,I,S,I,S,S,S,I,S,S,S
0.12,S,S,S,S,S,I,I,S,S,S,S,S,I,S,I,S,S,S,S,S,S,S
0.07,S,S,S,S,S,I,I,S,S,S,S,S,S,S,I,S,S,S,S,S,S,S
0.06,S,S,S,S,S,I,I,I,S,S,S,S,S,S,I,S,S,S,S,S,S,S
0.15,S,S,S,S,S,I,I,I,S,S,I,S,S,S,I,S,S,S,S,S,S,S
0.01,S,S,S,S,S,I,I,I,S,S,I,S,S,S,I,S,S,I,S,S,S,S
0.27,S,S,S,S,S,I,I,I,S,S,I,S,S,S,I,S,S,S,S,S,S,S
0.01,S,S,S,S,S,I,I,S,S,S,I,S,S,S,I,S,S,S,S,S,S,S
0.24,S,S,S,S,S,I,I,S,S,S,I,S,S,S,I,S,S,S,I,S,S,S
0.05,S,S,S,S,S,I,I,S,S,S,I,S,S,S,I,S,S,S,S,S,S,S
0.05,S,S,S,S,S,I,I,S,S,S,I,S,S,S,I,S,S,S,I,S,S,S
0.01,S,S,S,S,S,I,I,S,S,S,I,S,S,S,I,S,S,S,S,S,S,S
0.04,S,S,S,S,S,I,S,S,S,S,I,S,S,S,I,S,S,S,S,S,S,S
0.06,S,I,S,S,S,I,S,S,S,S,I,S,S,S,I,S,S,S,S,S,S,S
0.17,S,I,S,S,S,I,I,S,S,S,I,S,S,S,I,S,S,S,S,S,S,S
0.04,S,I,S,S,S,I,I,S,S,S,I,S,S,S,I,I,S,S,S,S,S,S
0.19,S,I,S,S,S,I,I,S,S,S,I,S,S,S,I,S,S,S,S,S,S,S
0.09,S,I,S,S,S,I,I,S,S,S,I,S,S,S,I,S,S,I,S,S,S,S
0.08,S,I,S,S,S,I,I,S,S,S,I,S,S,S,I,S,I,I,S,S,S,S
0.08,S,I,S,S,S,S,I,S,S,S,I,S,S,S,I,S,I,I,S,S,S,S
0.01,S,I,I,S,S,S,I,S,S,S,I,S,S,S,I,S,I,I,S,S,S,S
0.02,S,I,I,S,S,S,I,S,S,S,I,S,S,S,I,S,I,S,S,S,S,S
0.14,S,I,I,S,I,S,I,S,S,S,I,S,S,S,I,S,I,S,S,S,S,S
0.03,S,I,I,S,I,S,I,S,I,S,I,S,S,S,I,S,I,S,S,S,S,S
0.01,S,I,I,S,I,S,I,S,I,S,I,S,S,S,S,S,I,S,S,S,S,S
0.02,S,I,I,S,I,I,I,S,I,S,I,S,S,S,S,S,I,S,S,S,S,S
0.02,S,S,I,S,I,I,I,S,I,S,I,S,S,S,S,S,I,S,S,S,S,S
0.35,S,S,I,S,I,I,I,S,I,S,I,S,S,S,S,S,I,S,I,S,S,S
0.03,S,S,I,S,I,I,I,S,I,I,I,S,S,S,S,S,I,S,I,S,S,S
0.06,S,S,I,S,I,I,I,S,I,S,I,S,S,S,S,S,I,S,I,S,S,S
0.25,S,S,S,S,I,I,I,S,I,S,I,S,S,S,S,S,I,S,I,S,S,S
0.20,S,S,S,S,S,I,I,S,I,S,I,S,S,S,S,S,I,S,I,S,S,S
0.10,S,S,S,S,S,I,I,S,I,S,I,S,S,I,S,S,I,S,I,S,S,S
0.16,I,S,S,S,S,I,I,S,I,S,I,S,S,I,S,S,I,S,I,S,S,S
0.03,S,S,S,S,S,I,I,S,I,S,I,S,S,I,S,S,I,S,I,S,S,S
0.03,S,S,S,S,S,I,I,S,I,S,S,S,S,I,S,S,I,S,I,S,S,S
0.06,S,S,S,S,S,I,I,S,I,S,S,S,S,S,S,S,I,S,I,S,S,S
0.36,S,S,S,S,S,I,I,S,I,S,S,S,S,S,S,S,I,S,I,S,S,I
0.08,S,S,I,S,S,I,I,S,I,S,S,S,S,S,S,S,I,S,I,S,S,I
0.11,S,S,I,S,S,I,I,S,I,S,S,S,S,S,S,S,I,S,S,S,S,I
0.01,S,S,I,S,S,I,S,S,I,S,S,S,S,S,S,S,I,S,S,S,S,I
0.12,S,S,I,S,S,I,S,S,I,S,S,S,I,S,S,S,I,S,S,S,S,I
0.05,I,S,I,S,S,I,S,S,I,S,S,S,I,S,S,S,I,S,S,S,S,I
0.02,S,S,I,S,S,I,S,S,I,S,S,S,I,S,S,S,I,S,S,S,S,I
0.04,S,S,I,S,S,I,S,S,I,S,S,S,S,S,S,S,I,S,S,S,S,I
0.12,S,S,I,S,S,I,S,S,I,S,I,S,S,S,S,S,I,S,S,S,S,I
0.09,S,S,I,I,S,I,S,S,I,S,I,S,S,S,S,S,I,S,S,S,S,I
0.00,S,S,I,I,S,I,S,S,I,S,I,S,S,S,S,S,I,S,S,I,S,I
0.03,S,S,I,I,S,I,S,S,I,S,I,S,S,S,S,S,I,I,S,I,S,I
0.03,S,S,I,S,S,I,S,S,I,S,I,S,S,S,S,S,I,I,S,I,S,I
0.27,S,S,S,S,S,I,S,S,I,S,I,S,S,S,S,S,I,I,S,I,S,I
0.04,S,S,S,S,S,I,S,S,I,S,I,S,S,I,S,S,I,I,S,I,S,I
0.09,S,S,S,S,S,I,S,S,I,S,I,S,S,I,S,S,S,I,S,I,S,I
0.07,S,S,S,S,S,I,S,S,S,S,I,S,S,I,S,S,S,I,S,I,S,I
0.02,S,S,S,S,S,I,S,S,S,S,S,S,S,I,S,S,S,I,S,I,S,I
0.05,S,S,S,S,S,I,S,S,S,S,S,S,S,I,S,I,S,I,S,I,S,I
0.00,S,S,S,S,S,I,S,S,S,S,S,S,S,S,S,I,S,I,S,I,S,I
0.13,S,S,S,S,S,S,S,S,S,S,S,S,S,S,S,I,S,I,S,I,S,I
0.15,S,S,S,S,S,S,S,S,S,S,S,S,S,S,S,I,I,I,S,I,S,I
0.02,S,S,S,S,S,S,S,I,S,S,S,S,S,S,S,I,I,I,S,I,S,I
0.12,S,S,S,S,S,S,S,I,S,S,S,I,S,S,S,I,I,I,S,I,S,I
0.04,S,S,S,S,S,S,S,I,S,S,S,I,S,S,S,I,I,S,S,I,S,I
0.00,S,S,S,S,S,S,S,I,S,S,S,I,S,S,S,I,S,S,S,I,S,I
0.28,S,S,S,S,S,I,S,I,S,S,S,I,S,S,S,I,S,S,S,I,S,I
0.05,I,S,S,S,S,I,S,I,S,S,S,I,S,S,S,I,S,S,S,I,S,I
0.02,I,S,S,S,S,I,S,I,S,S,S,I,S,S,S,I,S,I,S,I,S,I
0.18,S,S,S,S,S,I,S,I,S,S,S,I,S,S,S,I,S,I,S,I,S,I
0.04,S,S,S,S,I,I,S,I,S,S,S,I,S,S,S,I,S,I,S,I,S,I
0.13,S,S,S,S,I,I,S,I,S,S,S,I,S,I,S,I,S,I,S,I,S,I
0.01,S,S,S,S,I,I,S,I,S,S,S,S,S,I,S,I,S,I,S,I,S,I
0.02,S,S,S,S,I,I,S,I,S,S,I,S,S,I,S,I,S,I,S,I,S,I
0.10,S,S,S,S,I,I,S,I,S,S,I,S,S,I,S,S,S,I,S,I,S,I
0.04,S,S,S,S,I,I,S,I,S,S,I,S,S,I,S,S,I,I,S,I,S,I
0.08,S,S,S,S,I,I,S,I,S,S,I,S,S,I,I,S,I,I,S,I,S,I
0.13,S,S,S,S,I,I,S,I,S,S,I,S,S,S,I,S,I,I,S,I,S,I
0.01,S,S,S,S,I,I,S,I,S,S,S,S,S,S,I,S,I,I,S,I,S,I
0.02,S,S,S,S,I,I,S,I,S,S,S,S,S,S,S,S,I,I,S,I,S,I
0.01,S,S,S,S,I,I,I,I,S,S,S,S,S,S,S,S,I,I,S,I,S,I
0.01,S,S,S,S,I,I,I,S,S,S,S,S,S,S,S,S,I,I,S,I,S,I
0.14,S,S,S,S,I,I,I,S,S,S,S,S,S,S,S,S,I,I,I,I,S,I
0.13,S,S,S,S,I,S,I,S,S,S,S,S,S,S,S,S,I,I,I,I,S,I
0.04,S,S,S,S,I,S,I,S,S,S,S,S,S,I,S,S,I,I,I,I,S,I
0.07,S,S,S,S,I,S,I,S,S,S,S,S,S,I,S,S,S,I,I,I,S,I
0.13,S,S,S,S,I,S,S,S,S,S,S,S,S,I,S,S,S,I,I,I,S,I
0.05,S,S,S,S,I,S,S,S,S,S,S,S,S,I,S,S,S,I,S,I,S,I
0.08,S,S,S,S,I,S,S,S,S,S,S,S,S,I,S,S,S,I,S,S,S,I
0.03,I,S,S,S,I,S,S,S,S,S,S,S,S,I,S,S,S,I,S,S,S,I
0.10,I,S,S,S,I,S,S,S,S,S,I,S,S,I,S,S,S,I,S,S,S,I
0.06,I,S,S,S,I,S,S,S,S,S,I,S,S,I,S,S,S,I,S,S,S,S
0.09,S,S,S,S,I,S,S,S,S,S,I,S,S,I,S,S,S,I,S,S,S,S
0.07,S,S,S,S,I,S,S,I,S,S,I,S,S,I,S,S,S,I,S,S,S,S
0.11,S,S,S,S,I,S,S,I,S,S,I,S,S,I,S,S,S,I,S,S,I,S
0.03,S,S,S,S,I,I,S,I,S,S,I,S,S,I,S,S,S,I,S,S,I,S
0.01,S,S,S,S,I,I,S,I,S,S,I,S,S,S,S,S,S,I,S,S,I,S
0.00,S,I,S,S,I,I,S,I,S,S,I,S,S,S,S,S,S,I,S,S,I,S
0.19,S,I,S,S,I,I,S,I,S,S,I,S,S,S,S,S,S,I,S,I,I,S
0.01,I,I,S,S,I,I,S,I,S,S,I,S,S,S,S,S,S,I,S,I,I,S
0.06,I,I,S,S,I,I,S,I,S,S,I,S,S,S,S,S,S,I,I,I,I,S
0.08,I,I,S,S,I,I,I,I,S,S,I,S,S,S,S,S,S,I,I,I,I,S
0.14,S,I,S,S,I,I,I,I,S,S,I,S,S,S,S,S,S,I,I,I,I,S
0.04,S,I,S,S,I,I,I,I,S,S,I,S,S,S,S,S,S,I,S,I,I,S
0.01,S,I,S,S,I,I,I,I,S,S,S,S,S,S,S,S,S,I,S,I,I,S
0.03,S,S,S,S,I,I,I,I,S,S,S,S,S,S,S,S,S,I,S,I,I,S
0.01,S,S,S,S,I,I,I,I,S,S,S,S,S,S,S,S,S,I,S,S,I,S
0.03,S,S,S,S,I,I,I,I,S,S,S,S,S,S,S,S,S,S,S,S,I,S
0.13,I,S,S,S,I,I,I,I,S,S,S,S,S,S,S,S,S,S,S,S,I,S
0.12,I,S,S,S,I,I,I,I,S,S,S,S,S,S,S,S,S,S,S,S,S,S
0.05,I,S,S,S,I,S,I,I,S,S,S,S,S,S,S,S,S,S,S,S,S,S
0.09,I,S,S,S,I,S,I,I,I,S,S,S,S,S,S,S,S,S,S,S,S,S
0.09,I,S,S,S,I,S,I,I,I,S,S,S,S,S,S,I,S,S,S,S,S,S
0.17,I,S,S,S,I,S,I,I,I,S,S,S,S,S,S,I,S,S,S,S,I,S
0.29,I,S,S,S,I,S,I,I,I,S,S,I,S,S,S,I,S,S,S,S,I,S
0.00,I,S,S,S,I,S,I,I,I,S,S,I,S,S,S,I,S,I,S,S,I,S
0.01,I,S,S,S,I,S,S,I,I,S,S,I,S,S,S,I,S,I,S,S,I,S
0.06,I,S,S,S,I,S,S,I,I,I,S,I,S,S,S,I,S,I,S,S,I,S
0.09,I,S,S,S,I,S,S,I,I,I,S,I,S,S,S,I,S,S,S,S,I,S
0.03,I,S,S,S,I,S,S,I,I,S,S,I,S,S,S,I,S,S,S,S,I,S
0.14,I,S,S,S,S,S,S,I,I,S,S,I,S,S,S,I,S,S,S,S,I,S
0.19,I,I,S,S,S,S,S,I,I,S,S,I,S,S,S,I,S,S,S,S,I,S
0.17,I,S,S,S,S,S,S,I,I,S,S,I,S,S,S,I,S,S,S,S,I,S
0.11,I,S,S,S,S,S,S,I,I,S,S,S,S,S,S,I,S,S,S,S,I,S
0.05,I,S,S,S,S,S,S,I,I,S,S,S,S,S,S,I,S,S,S,S,S,S
0.05,I,S,S,S,S,S,S,I,I,S,I,S,S,S,S,I,S,S,S,S,S,S
0.04,I,S,S,S,S,S,S,I,S,S,I,S,S,S,S,I,S,S,S,S,S,S
0.12,I,S,S,S,S,S,S,I,S,S,I,S,S,S,S,S,S,S,S,S,S,S
0.17,I,S,I,S,S,S,S,I,S,S,I,S,S,S,S,S,S,S,S,S,S,S
0.01,I,S,I,S,S,S,S,S,S,S,I,S,S,S,S,S,S,S,S,S,S,S
0.02,I,S,I,S,S,S,S,S,S,S,I,S,S,S,S,I,S,S,S,S,S,S
0.01,I,S,I,S,S,S,S,S,S,S,I,S,S,S,I,I,S,S,S,S,S,S
0.05,I,S,I,S,S,S,S,S,S,S,S,S,S,S,I,I,S,S,S,S,S,S
0.04,I,S,I,S,S,S,S,S,S,S,S,S,S,S,I,S,S,S,S,S,S,S
0.02,I,S,I,S,S,S,S,S,I,S,S,S,S,S,I,S,S,S,S,S,S,S
0.28,I,S,I,S,S,S,I,S,I,S,S,S,S,S,I,S,S,S,S,S,S,S
0.03,I,S,I,S,S,S,I,S,I,S,I,S,S,S,I,S,S,S,S,S,S,S
0.17,I,S,I,S,S,S,I,S,I,S,S,S,S,S,I,S,S,S,S,S,S,S
0.09,I,S,I,S,S,S,I,S,I,S,S,S,S,S,I,S,S,S,I,S,S,S
0.14,I,S,I,S,S,S,I,S,I,S,S,S,S,S,I,S,S,S,I,S,S,I
0.07,I,S,I,S,S,S,I,S,I,S,S,S,S,S,I,S,S,I,I,S,S,I
0.03,I,S,S,S,S,S,I,S,I,S,S,S,S,S,I,S,S,I,I,S,S,I
0.09,I,S,S,S,S,S,I,S,I,I,S,S,S,S,I,S,S,I,I,S,S,I
0.11,I,S,I,S,S,S,I,S,I,I,S,S,S,S,I,S,S,I,I,S,S,I
0.03,I,S,I,S,S,S,I,S,I,I,S,S,S,S,I,S,S,I,S,S,S,I
0.04,I,S,I,S,S,S,I,S,I,I,I,S,S,S,I,S,S,I,S,S,S,I
0.10,I,S,I,S,I,S,I,S,I,I,I,S,S,S,I,S,S,I,S,S,S,I
0.03,I,S,I,S,I,S,I,S,I,I,I,S,S,I,I,S,S,I,S,S,S,I
0.08,I,S,I,S,I,S,I,S,I,I,I,S,S,I,I,S,S,I,S,I,S,I
0.05,I,S,I,S,I,S,I,S,I,I,I,S,S,S,I,S,S,I,S,I,S,I
0.18,I,S,I,S,I,S,I,S,I,I,I,S,S,S,S,S,S,I,S,I,S,I
0.02,S,S,I,S,I,S,I,S,I,I,I,S,S,S,S,S,S,I,S,I,S,I
0.05,S,S,I,S,I,S,S,S,I,I,I,S,S,S,S,S,S,I,S,I,S,I
0.04,S,S,I,S,I,S,S,S,I,S,I,S,S,S,S,S,S,I,S,I,S,I
0.00,S,S,I,S,I,S,S,S,I,S,I,S,S,S,S,S,S,I,S,I,I,I
0.15,S,S,I,S,I,S,S,S,I,S,S,S,S,S,S,S,S,I,S,I,I,I
0.10,S,S,S,S,I,S,S,S,I,S,S,S,S,S,S,S,S,I,S,I,I,I
0.05,S,S,S,S,S,S,S,S,I,S,S,S,S,S,S,S,S,I,S,I,I,I
0.03,S,S,S,S,S,I,S,S,I,S,S,S,S,S,S,S,S,I,S,I,I,I
0.17,S,S,S,S,S,I,S,S,I,S,S,S,S,S,S,S,S,I,I,I,I,I
0.11,S,S,S,S,S,I,S,S,I,S,S,S,S,S,S,I,S,I,I,I,I,I
0.02,S,S,S,S,S,I,S,S,I,S,S,S,S,S,S,I,S,I,I,I,I,S
0.02,S,S,S,S,S,I,S,S,I,S,S,S,S,S,S,I,S,I,I,S,I,S
0.36,S,S,I,S,S,I,S,S,I,S,S,S,S,S,S,I,S,I,I,S,I,S
0.01,S,S,I,S,S,I,S,S,I,S,S,I,S,S,S,I,S,I,I,S,I,S
0.23,S,S,I,S,S,I,S,S,I,S,S,S,S,S,S,I,S,I,I,S,I,S
0.07,S,S,I,S,S,I,S,S,I,S,S,S,S,S,S,I,S,S,I,S,I,S
0.10,S,S,I,S,S,I,I,S,I,S,S,S,S,S,S,I,S,S,I,S,I,S
0.27,S,S,I,S,S,S,I,S,I,S,S,S,S,S,S,I,S,S,I,S,I,S
0.09,S,S,I,S,S,S,I,S,S,S,S,S,S,S,S,I,S,S,I,S,I,S
0.18,S,S,S,S,S,S,I,S,S,S,S,S,S,S,S,I,S,S,I,S,I,S
0.27,S,S,S,S,S,S,S,S,S,S,S,S,S,S,S,I,S,S,I,S,I,S
0.47,S,S,S,S,S,S,S,S,S,S,S,S,S,S,S,I,S,I,I,S,I,S
0.16,S,S,S,S,S,S,S,S,S,S,S,S,S,S,S,I,S,S,I,S,I,S
0.04,S,S,S,S,S,S,S,S,S,S,S,I,S,S,S,I,S,S,I,S,I,S
0.07,S,S,S,S,S,S,S,S,S,S,S,S,S,S,S,I,S,S,I,S,I,S
0.21,S,S,S,S,S,S,S,S,S,S,S,S,S,S,S,I,S,S,I,S,S,S
0.00,S,S,S,S,S,S,S,S,S,S,S,S,S,I,S,I,S,S,I,S,S,S
0.03,S,S,S,S,S,S,S,S,S,S,S,S,S,S,S,I,S,S,I,S,S,S
0.06,S,S,S,S,S,S,S,S,S,S,S,S,S,S,S,S,S,S,I,S,S,S
0.02,S,S,S,S,I,S,S,S,S,S,S,S,S,S,S,S,S,S,I,S,S,S
0.15,I,S,S,S,I,S,S,S,S,S,S,S,S,S,S,S,S,S,I,S,S,S
0.00,S,S,S,S,I,S,S,S,S,S,S,S,S,S,S,S,S,S,I,S,S,S
0.05,S,S,S,S,I,S,S,I,S,S,S,S,S,S,S,S,S,S,I,S,S,S
0.15,S,I,S,S,I,S,S,I,S,S,S,S,S,S,S,S,S,S,I,S,S,S
0.23,S,I,S,S,I,S,S,I,S,S,S,S,S,S,S,S,S,I,I,S,S,S
0.07,S,S,S,S,I,S,S,I,S,S,S,S,S,S,S,S,S,I,I,S,S,S
0.20,S,S,S,S,I,S,S,I,S,S,S,S,S,S,S,S,I,I,I,S,S,S
